# ************************************
# University of Crete
# Computer Science Department
# 
# HY240 - Data Structures
# Project-phase2 test file
# 
# Events:    Number:
#   L         100
#   P         1000
#   A         12
#   R         100
#   I         1800
#   G         15
#   B         15
#   X         1
#   Y         1
#   Z         1
# 
# Created on: 15/5/2017, 20:34:48
# ************************************

0 100
1 947

L 88
L 512
L 206
L 224
L 588
L 817
L 850
L 210
L 953
L 433
L 908
L 384
L 387
L 677
L 257
L 198
L 381
L 22
L 418
L 130
L 622
L 642
L 126
L 996
L 111
L 61
L 881
L 275
L 84
L 5
L 902
L 173
L 518
L 108
L 397
L 107
L 926
L 248
L 317
L 879
L 682
L 226
L 264
L 69
L 903
L 522
L 268
L 285
L 545
L 687
L 415
L 168
L 329
L 542
L 164
L 440
L 603
L 46
L 716
L 687
L 52
L 618
L 860
L 570
L 727
L 258
L 677
L 654
L 507
L 995
L 533
L 189
L 222
L 798
L 259
L 125
L 321
L 527
L 410
L 866
L 215
L 826
L 34
L 544
L 368
L 199
L 984
L 972
L 245
L 700
L 659
L 298
L 319
L 520
L 869
L 47
L 779
L 547
L 701
L 286
P 3118 2 76743 224
P 9014 2 27056 902
P 5304 1 26350 206
P 5099 1 47309 533
P 2149 4 3716 727
P 1674 2 42197 527
P 9632 1 19890 222
P 9335 3 40666 418
P 9014 2 27056 902
P 7211 3 34033 995
P 1316 2 14292 224
P 8046 4 51239 642
P 3555 4 28647 5
P 1031 2 5239 618
P 3089 3 37075 700
P 3183 3 12462 46
P 2100 3 69532 61
P 2122 1 55482 570
P 8833 4 18476 257
P 3639 1 55811 108
P 3662 3 31220 677
P 8940 4 6715 286
P 4103 1 9955 224
P 7631 1 42223 84
P 7003 1 71315 368
P 9300 1 46570 285
P 3084 4 5056 542
P 5579 2 34157 603
P 8326 4 54205 659
P 9632 1 19890 222
P 8571 2 54157 547
P 1115 2 9406 410
P 6595 1 1059 588
P 6104 2 37195 285
P 4843 4 91224 537
P 8557 2 24564 319
P 1713 2 59753 817
P 6456 3 26423 879
P 9014 2 27056 902
P 6107 2 52952 46
P 8153 2 28942 533
P 5703 3 45807 321
P 5581 4 79205 908
P 9656 3 41104 642
P 4643 1 71021 682
P 8797 4 39987 879
P 7897 1 49729 588
P 5526 3 44359 47
P 9183 2 17988 995
P 1617 3 28321 285
P 4381 4 97705 953
P 9939 4 26411 317
P 3480 1 53127 321
P 4767 2 77563 199
P 1946 4 69392 275
P 3321 2 13496 542
P 1052 4 70078 701
P 1031 2 5239 618
P 6374 4 47478 972
P 7546 1 44716 881
P 5026 1 73877 69
P 7459 2 11429 47
P 4489 2 29277 130
P 1038 2 31099 687
P 1744 1 36508 440
P 3084 4 5056 542
P 8156 1 53524 210
P 6814 3 43267 622
P 4492 1 21072 850
P 2650 3 77176 440
P 3009 1 66601 507
P 8406 3 60813 850
P 5146 4 70210 286
P 9632 1 19890 222
P 8045 3 27218 545
P 8349 2 64602 520
P 1357 4 96003 643
P 6790 1 70622 397
P 6750 1 73586 130
P 6215 1 29448 860
P 1631 2 42098 440
P 3085 4 34607 381
P 6969 1 57971 860
P 4759 2 95407 387
P 1444 4 85355 410
P 4259 1 71367 990
P 8028 2 58841 108
P 9014 2 27056 902
P 9014 2 27056 902
P 1343 4 32431 34
P 7668 1 82483 522
P 9929 1 44688 46
P 4657 2 75205 189
P 7568 3 56427 84
P 6355 2 13487 716
P 6324 3 21556 659
P 1106 3 62964 544
P 8191 4 34087 111
P 9122 3 79786 258
P 2524 2 4599 222
P 3751 2 92724 69
P 1210 3 49267 932
P 6241 3 34090 683
P 2451 1 64209 603
P 4244 3 64646 529
P 7211 3 34033 995
P 4352 4 81712 47
P 2345 3 99206 173
P 6673 4 58198 298
P 2353 3 76814 908
P 1224 3 23043 52
P 6754 1 11269 210
P 4776 2 12548 996
P 7394 2 5541 533
P 7326 2 57483 84
P 8257 2 80897 46
P 1402 3 27040 881
P 5845 4 31235 727
P 1555 2 54837 296
P 3288 3 89230 47
P 6347 2 94715 972
P 7777 2 35180 518
P 4510 4 11400 258
P 6791 3 43882 84
P 8742 2 98899 682
P 8507 3 33167 222
P 7308 2 90590 727
P 4988 2 50526 410
P 4080 1 65159 903
P 7982 1 40605 622
P 9554 1 72652 520
P 4309 4 14042 995
P 7722 2 82025 258
P 1114 1 44729 168
P 2507 4 7122 826
P 9078 3 39948 5
P 7928 1 87082 687
P 4085 4 96164 285
P 5141 1 94794 275
P 9896 2 96878 69
P 8666 3 66292 298
P 9658 4 1444 107
P 8242 1 36376 654
P 5904 1 48526 415
P 1304 4 71599 701
P 6278 4 54081 440
P 4063 2 99769 286
P 4697 4 14057 226
P 3168 1 44836 687
P 1554 1 91224 164
P 4626 3 61967 384
P 8746 3 53129 879
P 9338 3 66766 319
P 9863 2 70213 384
P 1149 2 97065 522
P 9014 2 27056 902
P 1563 3 18708 570
P 3654 1 23296 286
P 6598 2 65154 107
P 3118 2 76743 224
P 9014 2 27056 902
P 8308 2 63147 275
P 5430 4 43920 881
P 2640 2 49826 164
P 7193 4 74210 682
P 9949 1 75581 298
P 8647 4 54153 727
P 2748 2 22444 34
P 5958 2 52603 701
P 4386 1 3944 984
P 7945 3 49051 168
P 9014 2 27056 902
P 4772 3 48762 996
P 2149 1 39183 716
P 2869 2 84417 329
P 8443 1 21929 286
P 1727 3 90714 570
P 4756 3 8108 319
P 7340 2 29199 418
P 5286 2 65758 984
P 9511 1 22148 410
P 1438 3 69937 881
P 8476 2 32295 798
P 5099 1 47309 533
P 3563 2 50516 285
P 1316 2 14292 224
P 2877 3 3633 164
P 2149 4 3716 727
P 3709 2 83120 772
P 8252 3 7553 727
P 6982 3 15342 817
P 1839 1 25503 902
P 3466 4 59641 224
P 1253 4 49957 588
P 3555 4 28647 5
P 7362 1 61887 47
P 3520 1 32083 972
P 7250 4 22932 418
P 1115 2 54198 666
P 3844 1 9475 381
P 1072 3 88507 210
P 6317 1 84838 164
P 2141 4 2224 286
P 7361 4 26899 700
P 4902 4 14339 547
P 5887 2 70290 860
P 9355 3 12744 826
P 4154 2 94856 130
P 9335 3 40666 418
P 1606 2 17829 622
P 7701 3 71865 903
P 2474 2 2058 84
P 7505 3 59247 654
P 5831 2 16271 61
P 1194 2 70338 45
P 7909 3 77532 779
P 5099 1 47309 533
P 4015 1 10321 329
P 7543 1 49836 440
P 8294 3 90558 410
P 9336 1 89044 547
P 6913 2 50914 860
P 1196 2 6470 701
P 8802 2 53545 779
P 4179 3 94858 368
P 6341 3 95726 687
P 2311 2 57589 224
P 3724 3 87276 215
P 3509 4 66445 108
P 1828 1 14057 860
P 9741 4 85180 298
P 1860 3 48477 817
P 9307 1 44081 687
P 8482 4 92608 533
P 3199 4 43871 659
P 3212 4 52156 248
P 7109 2 60038 329
P 4770 3 78333 700
P 8127 4 87663 126
P 1977 1 12235 224
P 7459 2 74544 198
P 1526 2 18924 46
P 8211 2 13207 879
P 4524 4 41394 22
P 1766 4 54113 779
P 8673 1 25780 779
P 1103 3 38739 125
P 6083 4 23897 259
P 1050 3 64588 387
P 5684 4 83523 693
P 9268 3 2271 972
P 8789 4 10910 544
P 2004 3 43829 984
P 9976 3 58553 259
P 6282 2 71233 189
P 2214 1 99664 779
P 8984 3 49094 766
P 4161 3 54208 418
P 6841 3 20696 168
P 2767 1 63326 520
P 2948 1 97090 520
P 1949 1 46713 210
P 9412 4 68882 264
P 2107 4 44823 677
P 3785 3 41387 824
P 6438 1 33707 164
P 5921 4 25792 285
P 4203 3 70371 264
P 6718 2 43712 817
P 5989 4 56588 642
P 7934 3 44030 22
P 2219 4 37401 268
P 6827 1 10933 700
P 4053 2 14794 588
P 8965 3 8417 173
P 2743 4 56320 125
P 4067 3 61410 527
P 9632 4 49193 518
P 8319 4 39547 298
P 8929 2 13496 206
P 8290 4 96870 245
P 7296 1 10201 61
P 2608 3 36605 410
P 1573 3 29259 440
P 6959 2 5888 817
P 9295 4 53518 588
P 2149 4 3716 727
P 8394 1 75225 258
P 4139 1 14967 222
P 9002 1 63320 779
P 9940 1 72530 275
P 1031 2 5239 618
P 1058 1 22143 222
P 1924 3 78711 850
P 8004 1 14099 588
P 8086 4 99906 879
P 8562 4 89287 264
P 8197 4 13782 522
P 2814 2 96825 226
P 2110 3 93333 659
P 4081 3 66873 285
P 7130 2 59029 507
P 1552 3 52420 47
P 5304 1 26350 206
P 6995 2 67732 570
P 8810 4 20003 215
P 7991 1 35883 903
P 1792 1 88104 654
P 5836 3 33072 817
P 3418 4 44702 588
P 6864 3 30803 518
P 9775 1 11034 381
P 7003 1 71315 368
P 9261 1 70164 298
P 6781 1 99077 206
P 2783 3 44356 210
P 6487 3 49257 544
P 4536 1 75269 397
P 2341 1 86493 972
P 4556 4 11647 433
P 9808 3 75484 779
P 6002 1 30929 286
P 2376 3 94504 727
P 9526 1 49822 995
P 8201 4 38241 677
P 4417 1 51645 545
P 2935 2 88986 779
P 6879 3 60680 47
P 8651 1 12925 866
P 6058 3 78440 817
P 2417 4 29328 542
P 1055 4 58212 168
P 7573 3 86792 618
P 3716 2 23110 659
P 7662 4 34320 984
P 1768 2 29863 984
P 7580 1 34010 512
P 8672 1 47755 69
P 8855 1 28125 798
P 9767 1 6189 130
P 9439 3 62086 798
P 7322 1 54647 46
P 3456 3 4250 5
P 8967 2 63014 173
P 5493 2 13760 996
P 1927 2 31579 902
P 6303 1 92751 622
P 2593 4 26547 189
P 9617 4 8337 286
P 3054 4 59993 199
P 5057 2 67112 46
P 9318 3 87385 996
P 8401 1 3497 28
P 2820 4 52090 319
P 5261 4 49564 268
P 7468 2 79339 46
P 3178 4 20647 34
P 2104 3 39848 107
P 5417 1 71176 168
P 9701 3 15315 545
P 6049 4 55739 817
P 7734 4 76196 542
P 3611 4 27829 545
P 8117 3 11670 418
P 1316 2 14292 224
P 1911 1 13905 368
P 9009 2 23149 418
P 5452 3 77645 84
P 8937 2 25485 285
P 4534 4 33985 259
P 3176 1 80813 866
P 5647 4 41601 727
P 3610 3 13880 168
P 3708 1 39165 210
P 6990 4 76535 298
P 9153 2 22350 996
P 3411 2 30037 210
P 6343 3 17085 88
P 9130 2 77618 224
P 5415 2 81819 972
P 1994 3 37285 972
P 8207 4 76285 512
P 8302 2 50431 908
P 7933 3 94965 520
P 2677 4 99627 779
P 8235 2 21220 860
P 6523 3 87015 701
P 3911 4 38970 953
P 4617 4 9104 659
P 4963 3 70153 317
P 4606 3 44628 879
P 3794 1 98732 168
P 3827 1 55654 418
P 2406 3 89084 542
P 7184 4 49102 321
P 5373 1 51935 418
P 2069 3 18322 440
P 2149 4 3716 727
P 5619 3 20365 860
P 7319 3 25992 5
P 2747 4 96818 224
P 2595 3 45441 527
P 1306 4 23766 512
P 1900 1 36727 545
P 4361 4 76255 603
P 5255 2 14026 222
P 3973 4 34897 5
P 5304 1 26350 206
P 2604 1 21107 682
P 8790 3 31234 126
P 7211 3 34033 995
P 4479 2 37744 397
P 9014 2 27056 902
P 1262 1 30854 69
P 2504 4 51515 879
P 9941 4 29568 162
P 1275 3 29045 687
P 4205 4 95366 222
P 9157 3 8746 298
P 1966 1 97427 164
P 2270 2 73209 542
P 7738 3 36532 224
P 9096 1 30053 418
P 9101 3 45558 199
P 7097 4 84206 125
P 5615 4 69262 545
P 9177 3 89941 570
P 3947 2 69408 507
P 4435 3 49689 654
P 1517 3 31496 415
P 6170 1 19667 226
P 9632 1 19890 222
P 1899 1 44320 545
P 2115 4 28532 189
P 9579 2 46521 329
P 9705 4 36788 198
P 7987 1 1970 533
P 6067 1 11733 206
P 2966 1 37328 258
P 3369 4 52682 164
P 9319 2 96933 317
P 7803 2 98105 384
P 2141 4 60080 677
P 5441 3 71990 52
P 8907 4 85118 111
P 5150 3 26382 701
P 7717 4 54950 189
P 6114 2 64674 164
P 2322 3 48796 259
P 1728 1 51723 866
P 3133 3 66288 953
P 5930 2 39830 531
P 2247 2 3596 199
P 6350 2 37967 257
P 3183 3 12462 46
P 5750 3 78923 677
P 2149 4 3716 727
P 7841 3 37750 198
P 1031 3 38137 257
P 9632 1 19890 222
P 4407 3 83312 588
P 6802 3 27125 817
P 4180 3 17984 779
P 8535 4 96442 212
P 8877 4 66009 798
P 6893 2 49883 677
P 8851 1 35980 298
P 9982 2 5231 817
P 4565 3 7519 107
P 4551 1 61281 107
P 7621 1 34348 879
P 3118 2 76743 224
P 5262 3 97276 397
P 3369 3 33060 746
P 4370 3 17378 206
P 5724 3 11002 222
P 5137 1 1389 995
P 4567 3 45292 903
P 9288 1 9874 881
P 4738 3 83594 798
P 6431 1 91779 321
P 6609 2 80422 222
P 1633 1 15481 210
P 6524 2 54891 850
P 9014 2 27056 902
P 3241 1 17490 527
P 9152 1 62364 512
P 2462 3 68583 964
P 7283 1 50925 368
P 4437 2 58429 319
P 5448 3 50670 603
P 7756 4 51054 329
P 4702 3 39298 69
P 7980 3 16246 522
P 5267 1 59718 547
P 7322 2 46457 84
P 9808 4 87597 545
P 2923 1 10526 189
P 8769 1 35320 61
P 9143 1 16343 817
P 7417 3 64395 902
P 6770 1 87331 908
P 2429 1 7741 224
P 4722 1 79264 415
P 9014 2 27056 902
P 6608 3 80505 727
P 8756 1 53159 879
P 8496 4 42012 368
P 5631 1 93790 687
P 9736 1 61837 642
P 2660 2 50246 281
P 2085 4 20449 321
P 1524 4 28848 522
P 2028 2 9854 47
P 6436 1 8446 130
P 1413 2 90498 881
P 1255 2 79145 329
P 2644 3 67426 248
P 4828 2 32464 533
P 9936 4 25773 953
P 4493 3 86672 268
P 2393 3 24241 817
P 5760 1 22976 173
P 9570 3 26667 860
P 7074 1 32442 286
P 2874 4 58048 522
P 4176 4 75713 642
P 6748 2 82134 972
P 6336 2 52401 826
P 2189 4 22946 879
P 1916 1 44473 226
P 2749 3 5441 527
P 2017 1 93350 984
P 3186 3 71799 850
P 2324 3 78462 677
P 5528 4 24511 222
P 6651 4 26358 850
P 3837 2 87493 926
P 9637 2 16422 700
P 5479 1 84890 642
P 3045 2 85472 88
P 3911 3 82652 603
P 1130 1 7365 275
P 3792 3 52233 418
P 5099 1 47309 533
P 2828 1 61139 226
P 8512 4 23061 368
P 5917 2 63077 908
P 6774 2 66281 298
P 9727 2 7905 198
P 6574 2 86486 518
P 6612 3 51026 996
P 3118 2 76743 224
P 1879 4 52699 727
P 2342 4 86422 866
P 5699 3 60391 687
P 7026 3 64908 84
P 9632 1 19890 222
P 4864 4 75681 108
P 4585 3 48233 257
P 3410 1 99258 547
P 5359 1 47232 387
P 7804 1 33345 926
P 5133 3 13941 34
P 8085 2 40903 164
P 7578 4 20747 622
P 7027 2 29443 677
P 1761 1 62284 440
P 4930 2 35558 321
P 7282 1 19725 34
P 8078 3 30489 418
P 9008 4 10687 953
P 2689 4 60836 285
P 1460 3 57219 654
P 8598 1 42470 130
P 1867 4 10218 84
P 2248 1 34302 69
P 5447 2 19029 687
P 3795 4 18309 298
P 6365 4 81624 381
P 9330 1 74598 397
P 6524 2 10207 533
P 8319 4 80041 257
P 1539 3 61255 111
P 1219 3 2537 130
P 3432 4 43961 953
P 1092 4 81566 354
P 4848 4 26954 677
P 1678 4 32708 126
P 4422 4 87220 860
P 9057 1 12899 433
P 4514 4 8595 285
P 2323 2 81860 779
P 9873 2 63925 111
P 2417 2 50798 285
P 7887 4 42318 570
P 5698 3 65888 727
P 3683 1 52060 248
P 4284 3 99312 418
P 8497 1 87263 268
P 4548 3 74170 700
P 3588 3 96233 533
P 4980 1 83179 433
P 5103 2 90278 547
P 4685 2 29989 682
P 7981 1 68902 727
P 1913 1 33701 368
P 2153 3 40217 833
P 8545 1 73242 520
P 3987 4 16582 102
P 5446 2 64643 512
P 8905 3 82017 716
P 8736 4 64382 866
P 7914 2 74578 52
P 6234 3 3808 168
P 2926 4 42706 248
P 3555 4 28647 5
P 8057 2 77085 385
P 4150 1 72431 984
P 9419 3 6794 902
P 7481 1 2793 206
P 5837 1 63001 972
P 1653 3 2762 68
P 8217 2 45044 418
P 8154 1 87843 677
P 8314 2 93092 384
P 6852 2 7772 654
P 6453 4 96897 545
P 9735 3 51105 701
P 2642 4 9370 860
P 4800 1 12623 85
P 9371 2 2402 588
P 6980 2 58828 108
P 2710 1 65642 654
P 6611 1 58700 618
P 7887 2 93252 879
P 2548 4 59649 84
P 1115 2 9406 410
P 9329 2 69812 84
P 2442 4 19636 826
P 2230 1 88486 533
P 5133 4 10242 215
P 4819 3 45039 319
P 1030 3 53507 996
P 4098 1 2309 224
P 9152 1 42495 433
P 3790 1 16598 130
P 7211 3 34033 995
P 1149 3 99747 259
P 7855 4 60943 667
P 1221 4 20532 108
P 5755 4 21454 181
P 2365 3 8453 329
P 8478 4 69263 687
P 3595 3 58725 996
P 4102 1 36061 512
P 4408 4 59735 189
P 9533 1 70188 198
P 5169 2 6690 542
P 7106 2 64910 926
P 6907 3 7255 887
P 4671 1 65337 264
P 1257 1 10014 259
P 9853 3 20195 406
P 5502 2 66505 518
P 1280 4 51567 286
P 2504 3 52159 817
P 9322 1 48851 397
P 5607 3 74822 61
P 8063 1 16857 547
P 3549 2 11776 869
P 3264 4 78255 321
P 9365 3 75314 984
P 7077 1 82322 206
P 4000 3 54620 716
P 3937 4 22794 902
P 5530 4 58252 903
P 8469 2 37768 687
P 6447 3 89691 107
P 3105 1 65123 817
P 4992 2 61503 701
P 5579 2 34157 603
P 2875 3 69040 88
P 3736 2 97560 533
P 8364 3 80856 953
P 1696 3 3882 972
P 4182 1 9643 533
P 9379 1 51112 381
P 8935 2 82622 603
P 4646 4 66397 317
P 8097 1 28241 687
P 4020 3 3855 926
P 3949 3 71480 226
P 8449 2 54899 108
P 7114 1 88264 415
P 3362 4 66118 319
P 3122 3 49328 168
P 7953 4 97987 215
P 5701 1 93046 996
P 4217 1 89141 659
P 4598 3 61547 84
P 4566 3 99428 817
P 3552 2 18672 527
P 5369 3 65101 268
P 8729 4 48024 410
P 1172 1 29104 659
P 7118 2 63310 5
P 7431 3 14306 533
P 6411 4 4109 527
P 8490 2 31540 285
P 6888 2 72063 387
P 9456 1 28044 126
P 3890 4 37358 47
P 9620 3 88346 433
P 6614 3 37268 258
P 2174 2 74106 69
P 1839 2 19462 222
P 2134 2 70898 397
P 1244 2 79815 547
P 7785 3 33651 368
P 9582 3 38940 52
P 5623 1 75393 47
P 2981 1 37565 682
P 8219 3 64291 415
P 1613 3 14386 984
P 6244 3 16454 298
P 2556 4 1417 440
P 1154 1 57574 321
P 6715 4 7770 88
P 4030 4 92882 547
P 8293 1 85169 869
P 5755 3 52425 440
P 2149 4 3716 727
P 4182 4 34763 701
P 4684 4 17358 259
P 1839 3 12319 659
P 9680 4 67801 518
P 2811 4 82043 130
P 2131 1 79042 659
P 1961 2 98141 903
P 7759 4 25083 298
P 1385 1 33233 198
P 2095 4 76902 449
P 9711 2 95930 381
P 1761 2 62848 286
P 7583 2 53393 22
P 3522 1 75009 130
P 8113 1 96590 869
P 1517 1 88328 34
P 1201 4 81736 701
P 3118 2 76743 224
P 3489 1 84995 88
P 4398 1 81850 258
P 6077 4 86535 107
P 8465 2 18829 245
P 1559 3 89121 953
P 7350 1 46106 107
P 7803 3 19790 52
P 5519 4 83145 173
P 1483 4 49943 298
P 5994 3 54430 798
P 9199 4 35175 215
P 8635 3 94804 902
P 1711 1 50334 881
P 2265 4 64992 547
P 3576 1 97304 410
P 4020 3 75250 70
P 6949 4 67159 268
P 5649 4 70026 34
P 7985 4 33803 588
P 5247 4 19936 903
P 5196 4 26561 407
P 6344 1 84037 677
P 5497 3 9734 779
P 6443 4 97963 264
P 7800 2 10413 215
P 6102 3 5176 88
P 5677 2 40679 527
P 5405 2 98062 518
P 4603 4 57303 545
P 8657 1 72346 544
P 5359 3 82667 46
P 7082 1 1309 189
P 5729 1 63487 319
P 5631 2 39350 687
P 4812 4 57639 286
P 4258 4 48267 953
P 9966 3 26676 34
P 6812 2 30006 727
P 5038 1 45821 210
P 5215 3 52133 199
P 3345 2 98507 544
P 4319 1 12365 368
P 8094 4 84596 588
P 9918 3 16925 84
P 4382 3 52175 34
P 6558 2 41280 677
P 5467 2 43771 545
P 7332 4 42776 826
P 7293 3 54369 164
P 2826 3 35431 926
P 7212 3 55553 622
P 4270 4 86656 527
P 3399 2 45540 747
P 2381 3 1271 547
P 7318 3 83519 111
P 1327 4 58497 682
P 3439 1 15831 285
P 5618 2 57751 84
P 6319 3 61907 588
P 2763 1 89704 130
P 2713 4 74774 206
P 9803 1 92756 440
P 5730 4 60432 654
P 3775 1 61487 245
P 8854 2 3199 545
P 3881 3 71111 642
P 8871 2 78553 618
P 9368 3 49588 199
P 9561 2 98699 440
P 3654 4 25380 659
P 7465 4 22204 259
P 7550 1 95082 69
P 8495 2 68668 618
P 5914 3 60871 402
P 6004 4 67552 908
P 9704 4 9791 972
P 8264 3 92399 164
P 5304 1 26350 206
P 7310 2 57327 173
P 7146 4 85819 84
P 5879 4 6049 642
P 5099 1 47309 533
P 8105 3 55548 108
P 2818 4 49729 84
P 2740 3 40618 168
P 1747 2 87305 248
P 4724 1 69430 860
P 6262 4 9352 603
P 7409 2 57447 881
P 2746 2 64329 507
P 5238 4 44658 972
P 5103 4 76682 518
P 4641 3 54388 433
P 7343 3 18776 410
P 1393 3 60827 618
P 3683 4 23735 520
P 9854 2 38019 264
P 7878 4 24166 329
P 6029 4 95068 433
P 3879 4 71267 687
P 9616 3 10271 603
P 8723 4 96550 953
P 5134 1 21446 544
P 5377 3 38348 222
P 6272 2 6902 542
P 1799 4 18861 866
P 7954 4 89978 984
P 1502 3 18581 206
P 9778 2 88507 418
P 4422 3 91222 125
P 1338 2 67121 433
P 1407 1 73791 126
P 9985 3 98960 864
P 1408 3 24340 850
P 2899 3 29244 879
P 6990 1 77408 264
P 8284 4 12655 659
P 2466 1 38731 317
P 5246 2 81944 268
P 8881 3 84246 384
P 3180 2 12856 329
P 9822 1 77909 125
P 3040 3 38910 397
P 1259 3 56495 682
P 6738 4 29029 522
P 5813 2 85123 248
P 4804 3 76751 164
P 5326 3 34524 61
P 9594 2 83777 108
P 3736 2 34274 984
P 3089 3 66180 168
P 1451 2 85262 425
P 3464 1 50123 826
P 9792 2 53251 996
P 5344 3 45534 34
P 7785 1 88476 618
P 2086 3 63476 78
P 7130 2 48011 908
P 7737 1 59808 603
P 6138 4 86892 215
P 4152 3 96782 22
P 7492 2 95574 108
P 1639 2 94521 533
P 6115 2 90670 588
P 1032 4 64443 687
P 9825 1 26815 368
P 7211 3 34033 995
P 3410 4 30523 215
P 7133 3 61029 22
P 4583 4 32044 125
P 5338 1 64487 522
P 8558 4 54468 622
P 1065 4 5860 826
P 3118 2 76743 224
P 3089 3 37075 700
P 2032 4 52792 258
P 1424 3 3915 433
P 1150 3 56313 286
P 5028 3 31664 588
P 1956 2 25245 189
P 9632 1 19890 222
P 6756 1 25704 902
P 4111 4 19021 953
P 2626 4 78663 222
P 8500 2 19613 130
P 9128 1 22205 206
P 1758 1 98679 850
P 2701 3 36681 69
P 5731 4 79058 533
P 2127 4 64713 659
P 7527 3 4232 298
P 9632 1 19890 222
P 1583 1 62681 527
P 1554 4 13723 368
P 8526 3 70058 222
P 6465 2 9546 107
P 9997 2 7696 826
P 9811 3 88195 547
P 3832 1 91426 520
P 5645 4 60102 727
P 2523 2 56711 984
P 9313 2 54808 512
P 9225 1 12666 701
P 5960 4 48430 69
P 7719 4 7283 684
P 6216 3 39135 126
P 5989 3 10081 264
P 9057 2 3524 719
P 1316 4 35639 984
P 3794 2 82253 111
P 6106 1 55826 61
P 2200 4 40045 107
P 9539 1 56066 248
P 3555 4 28647 5
P 3916 3 92454 972
P 9396 1 78885 518
P 3260 2 43734 215
P 4648 2 91243 544
P 7003 1 71315 368
P 6739 4 19647 618
P 8365 1 57399 687
P 5502 4 26791 268
P 5683 1 62734 258
P 4746 4 64234 542
P 1809 4 28177 397
P 8046 4 51239 642
P 3808 4 92920 108
P 6279 4 86363 879
P 4586 3 50955 108
P 9632 1 19890 222
P 3365 2 31416 226
P 4292 4 52837 418
P 8747 3 34016 570
P 7546 1 89606 903
P 3032 2 41506 542
P 3239 4 50777 507
P 6213 4 15034 245
P 4179 2 18847 972
P 9343 3 8418 881
P 6143 4 43151 268
P 9834 3 87502 879
P 9424 3 98980 69
P 7921 1 28712 298
P 9014 2 27056 902
P 3196 4 68201 189
P 6943 2 31250 817
P 3174 3 62012 507
P 4467 3 30610 5
P 9468 3 76271 321
P 4221 3 58384 224
P 8493 2 52445 168
P 2149 4 3716 727
P 9225 3 18732 520
P 8899 1 31905 545
P 8850 1 93673 46
P 5034 1 63350 547
P 4103 1 9955 224
P 6177 3 85091 622
P 8515 1 98870 108
P 1008 2 13682 892
P 3925 3 49549 533
P 4860 4 41496 654
P 5979 4 66899 570
P 3168 1 35489 903
P 2650 3 65305 168
P 1714 3 83232 622
P 4586 3 11708 245
P 5914 2 19639 47
P 1713 2 59753 817
A 9936 953
A 2826 926
A 6790 397
A 3122 168
A 2353 908
A 4422 860
A 7146 84
A 5150 701
A 8057 385
A 7928 687
A 4179 972
A 2748 34
R 667
R 387
R 704
R 931
R 892
R 583
R 38
R 736
R 126
R 316
R 547
R 459
R 390
R 942
R 171
R 788
R 95
R 702
R 397
R 106
R 541
R 549
R 530
R 742
R 185
R 637
R 872
R 559
R 607
R 889
R 718
R 324
R 325
R 472
R 304
R 267
R 104
R 342
R 53
R 230
R 658
R 600
R 690
R 98
R 591
R 861
R 886
R 687
R 613
R 333
R 794
R 204
R 882
R 373
R 947
R 116
R 59
R 868
R 676
R 667
R 807
R 443
R 40
R 182
R 915
R 344
R 449
R 69
R 687
R 503
R 299
R 394
R 152
R 39
R 493
R 744
R 901
R 428
R 481
R 563
R 762
R 324
R 768
R 693
R 698
R 764
R 809
R 758
R 681
R 534
R 474
R 538
R 27
R 514
R 720
R 943
R 858
R 218
R 61
R 594
I 559 97784
I 501 25184
I 676 47808
I 861 49081
I 61 97784
I 563 90033
I 257 74820
I 667 30251
I 858 12102
I 267 46930
I 472 34939
I 809 28761
I 401 50278
I 690 93635
I 538 46870
I 768 69287
I 316 33259
I 547 63729
I 736 47940
I 690 48472
I 501 25184
I 704 74906
I 591 73212
I 809 91119
I 547 63729
I 901 72028
I 474 32356
I 718 55506
I 549 69287
I 658 34082
I 788 43227
I 559 97784
I 658 20936
I 428 56478
I 38 15346
I 658 57722
I 901 93578
I 868 97784
I 185 96071
I 299 69734
I 481 95949
I 59 95949
I 788 85964
I 182 92547
I 690 94565
I 356 34611
I 171 63904
I 394 73212
I 858 47940
I 69 92345
I 861 17312
I 387 15346
I 702 43227
I 324 24112
I 185 64287
I 204 90033
I 324 59966
I 636 44397
I 542 66790
I 171 68631
I 858 28972
I 892 59966
I 725 83812
I 667 79296
I 204 46870
I 693 91527
I 549 17312
I 915 61631
I 182 98824
I 324 28972
I 481 63729
I 768 20936
I 915 41154
I 481 54528
I 401 70906
I 637 33259
I 687 92345
I 459 90033
I 744 56478
I 868 54528
I 104 75224
I 397 62184
I 693 95891
I 40 60331
I 718 62184
I 503 56478
I 559 55506
I 387 53508
I 626 54268
I 742 85749
I 667 96071
I 481 36167
I 40 33259
I 637 64909
I 116 29500
I 637 79296
I 373 76571
I 676 47808
I 687 14426
I 342 15346
I 218 30251
I 600 35576
I 676 47808
I 676 43227
I 698 62184
I 342 35576
I 27 91119
I 858 60331
I 61 97784
I 185 85964
I 704 20851
I 583 32263
I 915 98824
I 613 76571
I 764 96584
I 481 43227
I 493 59496
I 547 29500
I 768 16529
I 459 56478
I 267 63729
I 667 32263
I 39 68856
I 687 41394
I 563 93578
I 809 13651
I 594 60037
I 449 69287
I 185 61631
I 394 98824
I 613 94565
I 942 30251
I 38 97784
I 59 63904
I 126 55506
I 459 69287
I 387 72028
I 687 98824
I 764 20851
I 676 16529
I 942 92758
I 401 50278
I 929 44495
I 449 59496
I 882 32356
I 547 71870
I 742 41154
I 493 59966
I 204 56478
I 126 29500
I 861 28761
I 257 74820
I 342 46870
I 472 94849
I 325 82645
I 171 14426
I 443 64025
I 607 28761
I 342 62184
I 27 45269
I 324 83020
I 27 44205
I 324 20936
I 872 48472
I 901 60037
I 325 72028
I 892 96065
I 942 87092
I 267 44205
I 373 65244
I 915 78326
I 449 46930
I 637 13603
I 720 47808
I 693 52514
I 702 32356
I 939 71948
I 390 42816
I 687 34939
I 667 17312
I 344 36167
I 324 49081
I 59 79296
I 204 34082
I 267 35576
I 882 93578
I 541 91527
I 390 32356
I 892 90033
I 530 87092
I 600 90033
I 637 83020
I 230 97784
I 764 78326
I 387 95949
I 373 59966
I 637 96071
I 443 59496
I 267 33259
I 676 58632
I 472 93635
I 861 64287
I 324 75058
I 106 98824
I 549 72028
I 493 61631
I 805 10050
I 764 74906
I 474 96071
I 397 34975
I 758 60037
I 768 85749
I 95 43227
I 104 87992
I 868 58632
I 325 68376
I 325 94849
I 514 91527
I 538 30251
I 613 17312
I 53 60037
I 39 34939
I 324 43630
I 40 33259
I 428 34939
I 736 90033
I 882 96065
I 889 31832
I 764 74906
I 472 55506
I 394 92547
I 563 90033
I 943 64909
I 503 87992
I 549 10174
I 267 10174
I 218 16276
I 218 12102
I 858 12102
I 538 34939
I 267 46930
I 549 59496
I 171 96584
I 428 46930
I 931 17312
I 27 96071
I 764 94849
I 152 30251
I 718 59496
I 503 18490
I 443 20851
I 768 30251
I 218 56478
I 493 83020
I 108 80158
I 872 92547
I 325 14426
I 858 85964
I 538 16529
I 591 52514
I 38 34939
I 534 13603
I 809 24112
I 807 46870
I 53 17312
I 316 34082
I 344 36167
I 514 13603
I 882 93578
I 541 83020
I 942 24112
I 98 32263
I 541 61631
I 316 72028
I 607 82645
I 744 15346
I 720 47808
I 742 36167
I 901 13651
I 758 24112
I 344 91119
I 718 87092
I 192 52449
I 889 55506
I 676 68376
I 472 28761
I 559 25553
I 204 95949
I 559 43754
I 788 49012
I 762 30251
I 459 95949
I 676 96071
I 220 45189
I 324 48472
I 171 63904
I 690 95891
I 514 87992
I 549 94849
I 342 54528
I 702 87092
I 889 59966
I 758 55506
I 872 61631
I 858 69734
I 744 42816
I 858 28972
I 481 64025
I 530 16529
I 318 17308
I 204 68376
I 762 79296
I 687 68856
I 406 96012
I 449 34939
I 583 52514
I 809 28761
I 397 78326
I 459 55506
I 401 50278
I 637 64909
I 299 92758
I 501 25184
I 397 45269
I 718 41154
I 882 63904
I 53 13651
I 563 68856
I 942 60037
I 942 98824
I 53 17312
I 316 62184
I 559 45269
I 861 14426
I 98 17312
I 742 98824
I 872 61631
I 106 25553
I 316 58632
I 88 84047
I 613 78326
I 868 87092
I 764 33259
I 718 71870
I 493 79296
I 218 53508
I 901 31121
I 901 16276
I 152 93578
I 324 57042
I 889 85749
I 758 92345
I 152 96071
I 704 34939
I 901 60331
I 493 34939
I 218 71870
I 658 33259
I 27 41154
I 401 50278
I 788 45269
I 736 87992
I 704 28972
I 690 60037
I 658 45269
I 218 45269
I 676 41154
I 472 28761
I 720 43227
I 744 15346
I 501 25184
I 390 58872
I 788 79296
I 868 92758
I 218 62184
I 720 28972
I 373 30251
I 534 88407
I 342 87992
I 559 92345
I 472 96065
I 861 97784
I 807 49012
I 397 94849
I 788 32263
I 547 92758
I 182 25553
I 794 46870
I 325 16276
I 534 63729
I 658 75224
I 69 96065
I 126 29500
I 882 68376
I 702 73212
I 549 56478
I 40 30251
I 794 36167
I 514 92345
I 503 47808
I 325 85749
I 693 91527
I 333 69734
I 762 91119
I 501 25184
I 889 85749
I 27 64025
I 690 34939
I 104 41394
I 38 87992
I 53 45269
I 549 60037
I 394 16276
I 882 33259
I 230 91119
I 744 68376
I 613 82645
I 658 95891
I 534 93635
I 394 68856
I 534 17312
I 481 73212
I 549 65244
I 591 73212
I 861 49081
I 40 63729
I 541 43227
I 126 76571
I 886 69287
I 38 95891
I 59 68856
I 667 65244
I 40 36167
I 324 61631
I 637 30251
I 387 69734
I 126 61631
I 931 52514
I 394 59966
I 538 10903
I 698 54528
I 316 47940
I 889 32356
I 886 91527
I 698 82698
I 342 60331
I 947 53508
I 530 82698
I 583 91119
I 942 93578
I 61 35576
I 82 12563
I 53 33259
I 764 96584
I 503 96071
I 736 92758
I 443 60037
I 698 24112
I 534 90033
I 931 12102
I 704 16276
I 583 63729
I 591 13603
I 947 43754
I 600 56796
I 267 46930
I 547 65244
I 390 52514
I 702 64909
I 443 58872
I 95 33259
I 687 41394
I 742 64909
I 736 47940
I 690 42816
I 27 69734
I 53 24112
I 892 91527
I 915 41154
I 98 25553
I 534 42816
I 915 96065
I 607 98502
I 373 59496
I 591 46930
I 218 64287
I 744 69287
I 687 97784
I 861 94565
I 758 98824
I 481 59966
I 889 43227
I 882 58632
I 344 96065
I 889 34939
I 443 58872
I 607 93578
I 116 69287
I 316 53508
I 693 91527
I 449 43630
I 39 45269
I 681 41154
I 658 28761
I 325 64025
I 736 87992
I 667 82698
I 559 48472
I 942 96071
I 764 64025
I 698 72028
I 704 98824
I 829 10622
I 559 28761
I 667 59966
I 69 43754
I 559 96065
I 947 95891
I 687 17312
I 809 28761
I 807 34939
I 325 93578
I 467 84977
I 503 16276
I 758 32263
I 481 75224
I 704 45269
I 594 91119
I 658 90033
I 687 28972
I 322 16960
I 324 33259
I 324 98502
I 794 32263
I 53 64287
I 95 76571
I 106 83020
I 397 10903
I 667 59966
I 38 62184
I 171 93578
I 947 85749
I 428 33259
I 98 42816
I 744 34082
I 299 64025
I 324 20851
I 474 49012
I 152 43754
I 514 57042
I 861 47940
I 324 28761
I 715 29432
I 106 79296
I 720 20936
I 915 64287
I 886 14426
I 104 91119
I 126 95949
I 704 71870
I 613 78326
I 889 28761
I 204 94565
I 915 45269
I 742 56478
I 116 57722
I 459 94849
I 126 34082
I 503 28761
I 501 25184
I 613 32263
I 428 90033
I 889 13603
I 514 34082
I 591 73212
I 325 96071
I 872 98509
I 217 50081
I 807 17312
I 204 92758
I 718 96071
I 736 74906
I 698 60037
I 547 49081
I 942 96065
I 861 10174
I 152 34939
I 95 68376
I 267 34082
I 53 57722
I 104 42816
I 501 25184
I 681 46870
I 61 91527
I 459 87092
I 690 93635
I 61 92345
I 559 97784
I 538 98509
I 474 58632
I 704 30251
I 667 28761
I 534 98824
I 104 69287
I 397 43227
I 53 47808
I 858 10174
I 204 25553
I 720 48472
I 316 64025
I 13 52496
I 443 34975
I 794 13603
I 758 96071
I 583 47940
I 591 32356
I 658 57722
I 538 65244
I 809 71870
I 943 52514
I 98 78326
I 594 54528
I 889 95949
I 676 47808
I 185 82698
I 915 64287
I 106 64025
I 538 46930
I 39 82645
I 947 34082
I 342 60037
I 762 60037
I 744 17312
I 868 64909
I 591 63729
I 901 98509
I 613 71870
I 768 69287
I 373 12102
I 889 28761
I 152 61631
I 687 46870
I 600 63904
I 681 75224
I 428 17312
I 736 13603
I 344 15346
I 390 73212
I 230 83020
I 613 64025
I 809 91119
I 299 91527
I 687 36167
I 230 57722
I 481 30251
I 676 48472
I 607 43754
I 493 63729
I 607 17312
I 613 33259
I 762 69287
I 204 73212
I 394 45269
I 320 60180
I 459 68856
I 299 75224
I 61 65244
I 39 13651
I 387 62184
I 333 95949
I 718 12102
I 324 57042
I 861 49081
I 387 61631
I 915 45269
I 474 96071
I 27 44205
I 942 42816
I 493 56478
I 704 34975
I 104 62184
I 758 83020
I 61 97784
I 915 55506
I 947 15346
I 687 63904
I 807 91527
I 239 41543
I 324 30251
I 501 25184
I 583 10903
I 549 43227
I 503 43227
I 397 64025
I 687 97784
I 27 90033
I 27 57042
I 676 47808
I 858 12102
I 152 49012
I 538 59496
I 667 33259
I 882 79296
I 591 10174
I 443 17312
I 667 65244
I 901 73212
I 387 10174
I 304 41154
I 595 76710
I 61 97784
I 534 32263
I 901 28761
I 267 91527
I 915 64287
I 503 43227
I 59 28761
I 886 98509
I 126 45269
I 832 66336
I 681 63729
I 428 25553
I 373 96065
I 534 87092
I 667 30251
I 736 97784
I 931 57042
I 538 96071
I 563 98824
I 868 35576
I 459 29500
I 667 60037
I 116 98509
I 481 47940
I 61 97784
I 736 36167
I 594 45269
I 481 93635
I 267 73212
I 886 64025
I 687 75224
I 704 60331
I 324 96584
I 658 53508
I 185 90033
I 591 68856
I 443 56478
I 882 43754
I 250 62540
I 39 64287
I 541 68856
I 742 43630
I 892 96584
I 667 30251
I 541 58872
I 547 85964
I 104 53508
I 547 45269
I 718 83020
I 947 83020
I 667 62184
I 892 17312
I 493 60037
I 681 94565
I 915 29500
I 27 16276
I 563 64287
I 501 25184
I 104 10903
I 474 36167
I 794 25553
I 947 20936
I 889 10174
I 702 13651
I 324 48472
I 493 83020
I 373 16276
I 794 35576
I 676 48472
I 428 87992
I 445 26908
I 387 15346
I 718 97784
I 613 13603
I 718 41154
I 892 96584
I 868 69734
I 736 52514
I 449 30251
I 591 17312
I 40 34975
I 472 34939
I 316 73212
I 690 93635
I 38 60037
I 304 92345
I 316 94565
I 788 82645
I 637 92345
I 514 61631
I 687 98509
I 547 10903
I 501 25184
I 106 34082
I 872 32356
I 807 68856
I 299 10174
I 764 43630
I 459 34975
I 892 64025
I 39 61631
I 698 65244
I 324 45269
I 559 41394
I 915 47940
I 868 47940
I 38 10174
I 583 69287
I 443 33259
I 472 92345
I 794 60037
I 744 41394
I 774 93673
I 316 16276
I 39 56478
I 324 93578
I 342 78326
I 690 69287
I 259 13709
I 687 28972
I 693 46870
I 693 43754
I 915 34975
I 39 43630
I 687 34082
I 481 43630
I 788 43630
I 676 69287
I 40 58872
I 562 10724
I 61 97784
I 563 93635
I 704 46930
I 768 83020
I 534 93635
I 40 73212
I 637 46930
I 365 24630
I 472 58872
I 325 17312
I 53 94849
I 397 57042
I 549 41154
I 892 96584
I 514 78326
I 59 73212
I 324 91527
I 218 41154
I 39 12102
I 538 94849
I 267 58632
I 299 76571
I 687 49081
I 563 13603
I 563 13603
I 809 53508
I 868 32263
I 900 61036
I 687 49081
I 667 85964
I 943 98509
I 344 30251
I 304 62184
I 942 82645
I 514 55506
I 563 29500
I 342 47808
I 720 90033
I 481 47808
I 38 49012
I 333 13603
I 758 49012
I 316 93635
I 807 44205
I 658 15346
I 736 79296
I 230 43754
I 942 96584
I 886 93578
I 809 74906
I 95 64287
I 59 91119
I 886 97784
I 613 93635
I 872 48472
I 658 49012
I 931 34939
I 171 87992
I 449 46930
I 559 97784
I 667 71870
I 116 79296
I 324 36167
I 152 57042
I 600 28761
I 324 20851
I 39 56478
I 116 96584
I 541 53508
I 687 96584
I 690 36167
I 59 64909
I 744 12102
I 547 34975
I 106 57042
I 98 33259
I 538 49081
I 704 47808
I 534 76571
I 418 99163
I 809 17312
I 472 34939
I 947 42816
I 744 49081
I 882 54528
I 333 90033
I 514 98824
I 762 34939
I 742 34975
I 124 47881
I 61 97784
I 736 35576
I 401 50278
I 218 60037
I 547 64287
I 915 92758
I 872 87092
I 600 72028
I 472 85964
I 428 10903
I 394 43754
I 868 42816
I 185 59496
I 171 60037
I 886 35576
I 333 28972
I 394 25553
I 583 64909
I 472 92345
I 600 61631
I 559 97784
I 858 97784
I 126 48472
I 61 58632
I 171 34975
I 882 28761
I 514 12102
I 230 91527
I 858 92345
I 942 63729
I 449 98824
I 27 25553
I 40 69287
I 428 45269
I 472 59966
I 98 68856
I 394 94565
I 690 82698
I 667 20851
I 901 71870
I 794 43227
I 846 92677
I 204 20936
I 607 24112
I 40 20936
I 38 69734
I 749 79877
I 190 98440
I 788 58632
I 450 30975
I 230 56478
I 61 57722
I 744 98509
I 267 62184
I 681 72028
I 858 64287
I 27 96584
I 390 10903
I 892 35078
I 600 96065
I 762 41154
I 481 49081
I 947 97784
I 534 56478
I 472 34939
I 387 43227
I 690 16529
I 530 92345
I 387 25553
I 59 52514
I 861 35576
I 185 91119
I 253 99972
I 342 69287
I 591 56478
I 861 14426
I 758 58632
I 547 64025
I 390 79296
I 687 87992
I 171 96071
I 230 68856
I 230 92758
I 38 57042
I 947 41154
I 316 61631
I 257 74820
I 474 93635
I 681 13603
I 563 90033
I 547 15346
I 915 47808
I 915 25553
I 472 34939
I 764 64287
I 942 43754
I 171 85749
I 637 79296
I 474 64909
I 947 82698
I 38 93578
I 766 60085
I 373 35576
I 59 69734
I 316 33259
I 704 56478
I 762 84738
I 872 32356
I 549 68856
I 613 85749
I 27 93635
I 39 74906
I 316 92345
I 304 94849
I 230 53508
I 600 72028
I 185 30251
I 443 14426
I 947 12102
I 474 57722
I 324 93635
I 690 63904
I 667 32263
I 591 76571
I 718 96065
I 915 93635
I 387 65244
I 868 25553
I 764 59966
I 299 64909
I 807 34975
I 658 74906
I 38 33259
I 667 97784
I 204 56478
I 690 10903
I 945 71681
I 868 28761
I 98 42816
I 942 32356
I 493 68856
I 788 94565
I 549 68856
I 549 36167
I 39 69287
I 788 58872
I 698 54528
I 514 87092
I 764 34082
I 530 79296
I 788 58632
I 299 85964
I 915 78326
I 698 13603
I 204 20936
I 559 98502
I 809 91119
I 809 52514
I 768 91119
I 182 28761
I 342 64909
I 218 85964
I 563 20851
I 481 85749
I 886 90033
I 563 58632
I 858 49081
I 344 59496
I 40 46930
I 394 44205
I 702 59966
I 861 12102
I 503 91119
I 583 43754
I 563 63904
I 720 43227
I 428 85749
I 474 48472
I 947 93635
I 116 68856
I 53 95949
I 449 32263
I 40 52514
I 872 82645
I 583 96584
I 942 17312
I 691 54143
I 40 17312
I 702 10903
I 39 13651
I 390 43754
I 481 13603
I 600 96071
I 154 70862
I 95 98824
I 459 53508
I 698 85749
I 687 94565
I 915 75224
I 53 32263
I 243 55427
I 583 13603
I 667 92547
I 95 28972
I 472 83020
I 861 96071
I 889 72028
I 501 25184
I 807 25553
I 882 63904
I 481 68376
I 693 20936
I 698 68376
I 667 52514
I 304 63904
I 563 24112
I 316 83020
I 809 41154
I 607 41394
I 736 32263
I 687 44335
I 116 96071
I 230 12102
I 658 91119
I 744 58872
I 116 69734
I 915 46930
I 204 43754
I 563 79296
I 758 63904
I 637 93635
I 742 47940
I 794 15346
I 687 58632
I 530 58872
I 901 44205
I 600 59496
I 892 13651
I 702 64025
I 218 49081
I 758 46870
I 538 32263
I 503 43630
I 698 64025
I 667 54528
I 702 43227
I 915 93578
I 736 33259
I 637 20851
I 40 59966
I 889 94565
I 698 34082
I 503 58872
I 390 28972
I 915 87092
I 931 95891
I 116 78326
I 36 96187
I 889 95891
I 27 13651
I 549 92345
I 583 47940
I 744 63904
I 758 45269
I 882 49012
I 116 95949
I 459 74906
I 736 96584
I 559 57042
I 718 95891
I 681 47808
I 27 60331
I 152 97784
I 534 96584
I 718 71870
I 538 47940
I 882 94849
I 40 87992
I 858 62184
I 702 93635
I 794 93578
I 59 32356
I 768 65244
I 667 30251
I 59 28972
I 106 36167
I 95 49012
I 304 64287
I 764 57722
I 600 95891
I 185 64909
I 702 32356
I 38 63904
I 594 85964
I 53 33259
I 868 87092
I 218 82698
I 889 95949
I 942 98824
I 472 58632
I 563 58872
I 788 13603
I 943 32263
I 742 58632
I 40 69287
I 676 47808
I 947 10174
I 267 24112
I 704 42816
I 316 65244
I 248 47404
I 538 93635
I 583 64909
I 39 44205
I 204 76571
I 667 64909
I 171 68856
I 501 25184
I 185 93578
I 549 75224
I 125 52945
I 388 36052
I 600 52514
I 104 91527
I 324 20936
I 744 95891
I 687 35576
I 468 18962
I 390 41154
I 95 93635
I 459 92758
I 882 47808
I 144 95030
I 809 68376
I 95 59496
I 40 46870
I 676 85749
I 736 64909
I 541 98509
I 46 43127
I 59 10174
I 882 78326
I 69 71870
I 373 97784
I 299 28972
I 325 12102
I 676 47808
I 186 55287
I 59 57722
I 892 87092
I 583 34939
I 387 32263
I 559 28761
I 449 53508
I 514 58632
I 116 83020
I 182 68856
I 942 47940
I 218 10903
I 106 61631
I 390 87992
I 428 41154
I 758 49081
I 39 62184
I 681 13603
I 594 91527
I 27 92758
I 858 85749
I 892 82698
I 549 71870
I 931 10903
I 704 12102
I 764 56478
I 38 71870
I 104 96584
I 910 16662
I 681 83020
I 764 56478
I 474 57042
I 390 68376
I 788 33259
I 702 69287
I 704 35576
I 49 18477
I 387 64909
I 218 69734
I 764 46930
I 394 83020
I 443 34082
I 39 63729
I 534 61631
I 38 49081
I 316 41154
I 106 10903
I 893 68400
I 538 17312
I 428 59966
I 613 68856
I 639 19343
I 563 57722
I 736 98824
I 218 55506
I 698 93635
I 901 28761
I 299 90033
I 443 34939
I 230 90033
I 758 52514
I 61 10903
I 743 84272
I 764 34975
I 768 32356
I 449 97784
I 98 85749
I 942 28761
I 744 13651
I 861 49081
I 387 69734
I 693 15346
I 230 85749
I 901 10903
I 931 71870
I 53 47940
I 613 29500
I 794 82645
I 559 94849
I 152 92547
I 872 85964
I 892 57722
I 230 17312
I 613 28972
I 98 49012
I 687 28761
I 171 62184
I 915 56478
I 316 10174
I 861 49081
I 514 73212
I 318 20537
I 324 41394
I 637 60037
I 591 73212
I 758 73212
I 390 91119
I 764 71870
I 39 35576
I 637 59966
I 758 41154
I 718 55506
I 324 56478
I 872 95891
I 768 47940
I 681 98509
I 698 92345
I 762 91527
I 943 56478
I 481 91119
I 901 59966
I 868 68856
I 892 76571
I 637 98824
I 718 20851
I 39 55506
I 718 98502
I 387 15346
I 613 36167
I 710 50936
I 204 12102
I 126 62184
I 942 61631
I 61 97784
I 168 50138
I 858 32263
I 95 69287
I 794 43754
I 742 28972
I 474 32356
I 387 32356
I 106 20936
I 373 33259
I 428 35576
I 788 93578
I 667 30251
I 591 73212
I 613 36167
I 333 34975
I 60 72509
I 325 98502
I 316 44205
I 126 45269
I 503 46930
I 69 75224
I 428 73212
I 549 79296
I 299 47808
I 541 46870
I 534 47940
I 390 20936
I 171 68376
I 501 25184
I 299 91119
I 53 16529
I 788 46930
I 342 24112
I 736 96584
I 559 43630
I 702 47940
I 718 43754
I 591 76571
I 744 41394
I 394 12102
I 718 35576
I 943 92345
I 39 95891
I 698 92345
I 693 64909
I 681 24112
I 204 95949
I 886 12102
I 858 54528
I 742 64909
I 690 48472
I 794 54528
I 687 92547
I 829 73597
I 334 23162
I 182 30251
I 942 72028
I 152 94151
I 942 68376
I 394 25553
I 59 92345
I 559 87092
I 98 59496
I 304 78326
I 503 58632
I 472 93578
I 687 54528
I 658 41154
I 394 63729
I 390 73212
I 299 49012
I 211 93508
I 344 60331
I 667 60331
I 299 95891
I 559 97784
I 794 92345
I 538 34975
I 40 72028
I 744 49012
I 861 55506
I 342 73212
I 98 46930
I 333 20851
I 503 91119
I 690 53508
I 667 45269
I 868 53508
I 538 10903
I 324 96071
I 390 20851
I 397 64909
I 768 60037
I 38 43630
I 931 28761
I 534 60037
I 736 64025
I 514 43227
I 704 47808
I 594 95891
I 742 57722
I 503 34939
I 676 28972
I 676 85964
I 69 69287
I 868 24112
I 889 85964
I 342 55506
I 503 60037
I 474 93635
I 493 62184
I 69 32263
I 583 12102
I 861 49081
I 563 63904
I 126 20851
I 681 63729
I 481 87092
I 687 91527
I 534 17312
I 116 46870
I 768 85964
I 116 97784
I 676 47808
I 474 98824
I 387 87992
I 794 92547
I 687 10174
I 481 45269
I 40 43227
I 942 75224
I 299 64909
I 40 78326
I 501 25184
I 61 68376
I 594 83020
I 794 59966
I 106 68376
I 218 10174
I 667 14426
I 152 45269
I 98 75224
I 583 75224
I 443 98509
I 27 59966
I 892 60331
I 809 82698
I 702 96065
I 344 48472
I 541 20936
I 342 28761
I 667 41394
I 182 47940
I 38 20936
I 534 98502
I 720 57722
I 324 34082
I 325 16529
I 704 60037
I 443 17312
I 394 73212
I 267 46930
I 27 45269
I 230 54528
I 218 49012
I 758 59496
I 38 82645
I 390 10903
I 179 82475
I 98 93578
I 559 57042
I 267 82698
I 607 47940
I 69 93635
I 344 68376
I 373 98509
I 676 47808
I 736 62184
I 316 49012
I 299 49081
I 61 83020
I 768 56478
I 788 58872
I 762 98509
I 126 10903
I 559 97784
I 884 33564
I 434 10509
I 794 28761
I 474 55506
I 95 63904
I 613 74906
I 299 24112
I 185 92345
I 541 29500
I 459 92547
I 892 91119
I 892 94849
I 171 64287
I 720 13651
I 493 54528
I 267 35576
I 390 95891
I 299 48472
I 342 65244
I 102 16871
I 788 47940
I 106 10174
I 257 74820
I 53 49081
I 204 47940
I 530 98824
I 61 97784
I 702 91527
I 342 36167
I 394 43630
I 667 59966
I 559 97784
I 98 72028
I 943 30251
I 702 83020
I 428 96584
I 591 69734
I 788 55506
I 267 62184
I 304 34975
I 95 83020
I 449 73212
I 667 58872
I 53 47940
I 141 54390
I 538 20936
I 104 79296
I 204 76571
I 809 61631
I 549 64025
I 53 49081
I 583 60037
I 583 32263
I 98 48472
I 514 35576
I 373 76571
I 449 43630
I 807 68376
I 901 43227
I 613 32263
I 325 63729
I 530 16276
I 681 69287
I 676 76571
I 493 36167
I 687 16529
I 69 60037
I 61 34975
I 559 97784
I 299 87992
I 687 28761
I 474 58872
I 676 34082
I 373 98502
I 152 94849
I 690 93635
I 116 94849
I 707 51862
I 53 60331
I 807 16529
I 59 68376
I 690 93635
I 559 97784
I 481 57042
I 95 33259
I 428 96071
I 304 85964
I 547 63729
I 698 58872
I 947 34939
I 676 48472
I 116 92758
I 394 20936
I 449 91527
I 943 92547
I 768 69287
I 942 16276
I 152 24112
I 591 54528
I 171 85964
I 736 36167
I 947 10903
I 591 46870
I 390 98824
I 858 98509
I 501 25184
I 788 28972
I 681 61631
I 734 39674
I 794 56478
I 38 94565
I 53 28761
I 98 94565
I 943 29500
I 681 43754
I 538 16529
I 38 96071
I 943 79296
I 607 35576
I 744 64909
I 501 25184
I 690 33259
I 809 68856
I 324 95949
I 299 98502
I 40 59966
I 563 90033
I 257 74820
I 583 85749
I 872 62184
I 151 20283
I 61 12102
I 428 65244
I 394 76571
I 762 85749
I 304 20851
I 764 59496
I 474 47940
I 858 49012
I 742 74906
I 61 97784
I 809 82698
I 868 59966
I 342 45269
I 152 16276
I 676 94565
I 613 16529
I 861 43630
I 503 95949
I 892 65244
I 449 32263
I 947 25553
I 104 98502
I 947 90033
I 858 60037
I 794 85749
I 316 83020
I 126 34975
I 503 92758
I 943 98509
I 807 76571
I 704 69734
I 637 41154
I 477 10123
I 886 60037
I 858 65244
I 38 30251
I 171 68856
I 698 96071
I 563 25553
I 230 85749
I 600 60037
I 69 82698
I 69 46870
I 366 61328
I 267 59966
I 600 36167
I 59 79296
I 658 96584
I 257 74820
I 687 46930
I 104 93578
I 514 87992
I 744 43754
I 720 52514
I 126 61631
I 106 91527
I 394 48472
I 676 56478
I 267 83020
I 667 62184
I 882 64025
I 304 61631
I 61 41154
I 449 61631
I 693 58872
I 116 42816
I 185 56478
I 394 87092
I 693 16529
I 559 97784
I 491 79966
I 809 76571
I 698 68856
I 794 28761
I 501 25184
I 690 60037
I 687 79296
I 547 54528
I 316 52514
I 126 98824
I 667 96065
I 886 64909
G 230 718
G 613 324
G 304 788
G 459 892
G 304 397
G 324 931
G 809 152
G 809 861
G 681 858
G 472 403
G 676 324
G 394 718
G 324 344
G 594 901
G 443 459
B 319 5729 8557
B 700 3089 3089
B 258 9122 5683
B 908 7130 5581
B 520 8349 9225
B 22 7133 4524
B 902 9014 9014
B 677 6558 3662
B 84 7631 2818
B 245 8290 4586
B 248 9539 3212
B 682 1259 4643
B 879 6456 9834
B 512 7580 9313
B 257 8319 8833
X
Y
Z 390