# ************************************
# University of Crete
# Computer Science Department
# 
# HY240 - Data Structures
# Project-phase2 test file
# 
# Events:    Number:
#   L         20
#   P         200
#   A         10
#   R         20
#   I         360
#   G         10
#   B         10
#   X         1
#   Y         1
#   Z         1
# 
# Created on: 15/5/2017, 20:33:44
# ************************************

0 20
1 930

L 147
L 572
L 831
L 732
L 307
L 678
L 238
L 825
L 895
L 506
L 796
L 515
L 193
L 856
L 785
L 768
L 249
L 598
L 33
L 259
P 2321 3 23697 825
P 4945 1 63944 825
P 8051 4 27345 796
P 9503 4 11324 249
P 9109 2 45923 768
P 3004 1 74116 678
P 2946 2 89819 895
P 3351 4 2699 598
P 5064 3 26244 785
P 5808 3 95092 193
P 2899 3 85889 856
P 9980 4 31176 785
P 6148 4 55225 506
P 4038 3 28925 825
P 6085 4 31510 249
P 5539 2 19471 506
P 9158 4 60649 534
P 4680 4 30559 33
P 6876 1 80327 193
P 5203 1 36138 768
P 9092 1 15154 732
P 8647 2 29534 147
P 5823 4 95818 831
P 4926 3 31528 785
P 6893 2 60385 506
P 4675 4 21975 768
P 2981 3 73931 825
P 2033 1 26267 895
P 3695 4 17895 678
P 6731 3 62848 33
P 1944 3 81788 785
P 8645 1 97965 572
P 7302 2 54354 895
P 4430 3 85888 193
P 9423 4 27394 193
P 6148 4 55225 506
P 2660 2 93490 193
P 2558 4 95221 127
P 2321 3 23697 825
P 1726 4 10056 259
P 9460 2 29659 825
P 7256 4 39994 307
P 4922 3 56681 768
P 2655 3 86026 825
P 8294 2 47961 856
P 6961 4 50468 768
P 1794 3 3837 825
P 4978 1 97655 249
P 4187 2 89723 33
P 4956 1 76080 678
P 3801 1 94329 768
P 5045 2 59010 33
P 3990 1 89690 825
P 9806 4 49339 259
P 7976 2 91139 856
P 9473 1 33273 856
P 8052 1 52324 785
P 3929 1 25220 33
P 5018 1 17085 238
P 6200 2 41337 572
P 1415 4 58881 259
P 8291 4 62730 831
P 1296 4 61295 515
P 4651 4 82354 856
P 9520 1 4163 831
P 6728 3 76249 147
P 1321 1 59830 193
P 1960 2 94556 785
P 5886 4 49156 732
P 2191 3 19952 259
P 9817 4 31176 147
P 7695 3 69995 796
P 5049 3 78449 147
P 8462 1 59486 768
P 2417 2 64801 193
P 9631 4 3640 732
P 3111 1 63485 796
P 6769 2 79217 238
P 5339 4 33402 678
P 5387 1 98316 572
P 8777 1 19292 796
P 6884 2 65925 856
P 4475 4 75081 147
P 9011 3 74056 856
P 5203 1 36138 768
P 8399 4 59694 678
P 3261 1 38263 307
P 5848 1 39880 259
P 7596 2 25514 732
P 7399 4 45253 856
P 7062 1 53317 515
P 1936 2 98692 856
P 7146 4 69744 572
P 3109 3 23541 193
P 8883 2 5914 831
P 9313 4 32353 825
P 6901 1 64436 732
P 8393 2 3792 249
P 6876 1 80327 193
P 1967 1 35588 678
P 2537 3 75666 259
P 5158 2 50298 598
P 6641 3 17760 259
P 8934 1 39491 193
P 5715 2 76507 259
P 5241 1 49142 249
P 2910 4 95537 259
P 8051 4 27345 796
P 5152 3 79614 193
P 6031 3 84521 33
P 4739 2 48992 732
P 8832 3 53563 825
P 9153 3 46699 598
P 4888 2 96414 598
P 3310 2 5228 572
P 2946 2 89819 895
P 1970 2 98765 768
P 4096 1 91467 33
P 7971 2 12992 732
P 9944 3 67176 238
P 7472 2 27404 238
P 8027 4 40785 785
P 2899 3 85889 856
P 6520 1 62687 193
P 3623 4 39990 147
P 6944 2 99701 895
P 4589 1 15050 33
P 2946 2 89819 895
P 4043 1 46016 515
P 1557 2 17287 259
P 2576 1 43996 796
P 8880 3 62417 147
P 5844 4 42330 259
P 4172 1 89367 193
P 7604 4 53119 732
P 4594 2 90324 515
P 7083 3 47735 831
P 7242 4 99503 238
P 8900 4 2096 678
P 5991 3 6251 895
P 3966 1 19772 598
P 7407 2 62394 193
P 8808 2 56298 238
P 8312 1 39253 249
P 4598 3 20747 895
P 9689 3 7690 412
P 4574 3 7697 678
P 5064 3 26244 785
P 8416 2 51153 732
P 2727 2 28861 732
P 3222 4 45830 856
P 8649 2 74916 831
P 5735 3 80216 33
P 6434 4 5156 688
P 8794 1 4169 147
P 3015 2 31772 825
P 6019 1 25359 307
P 1864 2 62666 732
P 2341 4 49256 572
P 7647 3 58125 768
P 1921 3 52457 831
P 5942 2 10100 598
P 8966 2 95257 831
P 8454 1 11458 506
P 8136 3 24490 678
P 9891 1 34852 515
P 7325 3 45184 307
P 2172 4 16858 307
P 9234 1 5890 598
P 7159 3 47105 768
P 9028 3 74930 831
P 4743 1 88352 768
P 7137 2 35613 831
P 2363 2 46045 238
P 1780 1 59205 831
P 8437 4 79099 678
P 9418 1 20158 856
P 1511 1 43649 33
P 2017 3 32345 506
P 9998 3 1777 506
P 5873 1 8562 677
P 9125 2 4429 732
P 9730 2 30913 856
P 4230 4 13212 678
P 3127 4 92349 856
P 9303 2 67972 825
P 2484 4 39714 307
P 6731 1 10370 856
P 2829 3 72091 796
P 4695 4 5330 796
P 6848 4 9098 515
P 7753 2 78465 895
P 1191 3 79355 895
P 4491 1 97754 506
P 3846 3 36842 147
P 6900 2 6522 856
P 4142 3 30714 921
P 1455 2 1117 506
P 1201 1 8986 895
P 5354 4 95183 204
A 2946 895
A 1794 825
A 8294 856
A 9418 856
A 1924 27783
A 8777 796
A 3623 147
A 8027 785
A 2484 307
A 1557 259
R 0
R 930
R 76
R 858
R 425
R 536
R 743
R 379
R 731
R 930
R 34
R 319
R 198
R 822
R 530
R 840
R 712
R 455
R 512
R 810
I 319 59552
I 76 94748
I 198 34652
I 198 34652
I 530 67501
I 379 48483
I 0 50387
I 319 26964
I 455 39152
I 858 32917
I 822 92390
I 930 53207
I 0 50387
I 455 53207
I 743 32917
I 810 77449
I 731 59552
I 712 94812
I 822 92390
I 840 67513
I 930 88760
I 743 32917
I 840 67501
I 319 50387
I 530 67513
I 831 75724
I 743 77449
I 76 94812
I 840 88760
I 319 59552
I 0 94812
I 379 94748
I 76 48483
I 530 94812
I 731 92390
I 858 32917
I 425 88760
I 743 48483
I 930 59552
I 379 92390
I 731 39152
I 198 48483
I 425 77449
I 743 94812
I 0 92390
I 76 60834
I 455 48483
I 34 59552
I 455 32917
I 34 88760
I 379 32419
I 0 94748
I 0 88760
I 930 85116
I 840 34652
I 810 88760
I 198 53207
I 512 94812
I 930 92390
I 486 84970
I 512 88760
I 512 32419
I 512 88760
I 0 73725
I 712 60834
I 712 77449
I 0 50387
I 0 53207
I 198 34652
I 729 33301
I 319 73725
I 810 32917
I 743 77449
I 530 48483
I 810 50387
I 810 48483
I 0 50387
I 840 94812
I 712 58745
I 930 77449
I 379 67513
I 930 94812
I 34 94812
I 76 88760
I 198 32917
I 425 92390
I 822 73725
I 840 34652
I 34 67501
I 319 34652
I 76 94748
I 365 29151
I 455 73725
I 797 10566
I 822 48483
I 930 88760
I 76 85116
I 743 26964
I 536 77449
I 930 85116
I 319 39152
I 76 53207
I 198 60834
I 743 94748
I 0 77449
I 319 59552
I 930 50387
I 0 50387
I 455 94812
I 822 50387
I 455 92390
I 930 60834
I 76 59552
I 731 94748
I 455 77449
I 34 32419
I 455 73725
I 455 53207
I 810 39152
I 731 50387
I 774 20791
I 455 26964
I 810 58745
I 455 53207
I 536 67513
I 858 77449
I 0 32917
I 455 50387
I 455 94748
I 743 94812
I 198 34652
I 930 58745
I 858 53207
I 840 88760
I 379 48483
I 379 39152
I 930 26964
I 810 50387
I 858 88760
I 425 77449
I 76 50387
I 455 85116
I 530 34652
I 675 56521
I 930 32917
I 731 77449
I 512 26964
I 512 53207
I 76 48483
I 379 48483
I 930 32917
I 379 92390
I 76 67513
I 198 48483
I 76 94748
I 930 88760
I 379 32917
I 743 32419
I 731 67513
I 840 60834
I 536 26964
I 822 77449
I 840 48483
I 731 60834
I 858 77449
I 512 67501
I 0 77449
I 0 26964
I 319 77449
I 840 73725
I 858 39152
I 858 94812
I 198 34652
I 76 32419
I 34 92390
I 34 53207
I 512 59552
I 512 94748
I 425 50387
I 76 85116
I 858 39152
I 455 39152
I 743 50387
I 319 77449
I 455 34652
I 198 34652
I 858 34652
I 743 88760
I 930 48483
I 740 13649
I 530 32419
I 425 67513
I 425 32419
I 858 58745
I 0 92390
I 930 32917
I 49 35375
I 858 48483
I 76 92390
I 455 58745
I 198 58745
I 712 73725
I 930 73725
I 425 77449
I 536 92390
I 743 88760
I 198 53207
I 536 92390
I 17 95159
I 512 92390
I 34 26964
I 379 92390
I 731 34652
I 822 34652
I 512 48483
I 536 67501
I 455 73725
I 76 34652
I 930 32917
I 840 77449
I 76 48483
I 712 32917
I 840 34652
I 822 77449
I 743 59552
I 530 26964
I 810 94812
I 512 85116
I 0 34652
I 0 73725
I 822 67513
I 840 26964
I 530 67513
I 530 94748
I 0 67501
I 379 48483
I 930 77449
I 0 26964
I 512 53207
I 858 67501
I 840 58745
I 76 60834
I 530 85116
I 930 53207
I 530 67513
I 34 50387
I 743 92390
I 840 67501
I 930 67513
I 930 73725
I 840 94748
I 369 54773
I 198 48483
I 198 94748
I 379 88760
I 455 73725
I 858 32419
I 810 67501
I 0 77449
I 76 73725
I 455 67501
I 930 53207
I 731 53207
I 76 77449
I 731 32419
I 840 77449
I 352 81630
I 536 88760
I 34 94748
I 930 94748
I 536 88760
I 536 58745
I 822 67513
I 0 50387
I 712 58745
I 198 58745
I 840 94812
I 810 67501
I 530 32419
I 930 67501
I 930 32917
I 198 77449
I 858 67513
I 840 58745
I 34 53207
I 425 73725
I 743 77449
I 840 73725
I 530 67513
I 76 94748
I 536 77449
I 743 67513
I 455 34652
I 0 50387
I 198 60834
I 712 88760
I 712 53207
I 379 34652
I 743 48483
I 712 85116
I 810 60834
I 34 26964
I 76 88760
I 319 85116
I 712 32419
I 198 94748
I 930 50387
I 379 77449
I 0 34652
I 34 92390
I 840 94812
I 76 34652
I 512 85116
I 731 34652
I 731 26964
I 319 67501
I 930 59552
I 76 77449
I 0 32917
I 530 67513
I 840 53207
I 822 77449
I 858 88760
I 930 48483
I 930 94812
I 561 91091
I 822 60834
I 840 73725
I 712 67501
I 34 32419
I 536 88760
I 512 88760
I 76 67513
I 425 94748
I 822 60834
I 319 67513
I 712 53207
I 930 67501
I 930 58745
I 930 88760
I 425 32917
I 0 85116
I 198 94812
I 198 34652
I 319 94748
I 731 32419
I 712 67501
I 34 92390
I 743 58745
I 930 59552
I 810 94748
I 930 32419
I 840 34652
I 840 94812
I 512 34652
I 455 26964
I 743 92390
I 0 77449
I 840 34652
I 930 60834
G 712 425
G 930 425
G 822 76
G 530 858
G 530 76
G 379 34
G 731 858
G 536 230
G 822 143
G 379 379
B 768 4743 9109
B 785 5064 5064
B 825 2321 9303
B 796 4695 8051
B 506 6148 1455
B 515 1296 6848
B 515 6848 1296
B 856 6900 2899
B 895 2946 1201
B 147 3846 8647
X
Y
Z 0