# ************************************
# University of Crete
# Computer Science Department
# 
# HY240 - Data Structures
# Project-phase2 test file
# 
# Events:    Number:
#   L         50
#   P         500
#   A         12
#   R         50
#   I         900
#   G         12
#   B         12
#   X         1
#   Y         1
#   Z         1
# 
# Created on: 15/5/2017, 20:34:13
# ************************************

0 50
1 950

L 41
L 553
L 108
L 516
L 895
L 82
L 209
L 382
L 754
L 463
L 573
L 210
L 832
L 361
L 42
L 100
L 520
L 763
L 140
L 958
L 78
L 474
L 518
L 994
L 50
L 772
L 525
L 403
L 829
L 5
L 806
L 871
L 558
L 914
L 387
L 454
L 997
L 597
L 837
L 751
L 60
L 410
L 962
L 893
L 772
L 5
L 993
L 292
L 768
L 134
P 8618 3 77275 962
P 5890 2 7158 140
P 8818 1 93070 751
P 4458 4 23787 210
P 3618 3 50044 463
P 5505 1 70050 361
P 9542 1 92154 454
P 6616 2 51838 8
P 7693 1 61195 553
P 1930 1 27376 806
P 9674 4 71264 5
P 6904 4 59791 731
P 8411 2 70744 387
P 9312 4 5602 520
P 8618 3 77275 962
P 9168 3 46672 962
P 4212 1 72532 772
P 1760 2 66992 597
P 3343 2 89839 895
P 6416 4 26075 525
P 3697 4 64010 573
P 5185 1 54261 993
P 3550 1 14013 172
P 2943 2 84789 292
P 1960 2 60253 463
P 2802 4 49719 997
P 8126 3 32391 41
P 8039 1 98704 454
P 4562 4 22332 525
P 4557 3 64145 832
P 4050 2 13646 993
P 4299 1 50368 962
P 2613 3 44112 50
P 8959 2 80126 893
P 9312 4 5602 520
P 7583 1 16259 5
P 4000 1 49932 410
P 1974 3 25738 95
P 5652 1 75143 100
P 3480 4 99883 108
P 2069 1 45634 754
P 2640 2 97042 837
P 3731 1 92550 209
P 3173 3 55770 336
P 1631 2 98329 958
P 3328 1 63156 100
P 7719 2 76927 993
P 9543 2 25664 997
P 5973 3 65343 387
P 9579 4 27430 772
P 5510 3 67890 50
P 7686 1 93320 45
P 7112 3 27844 806
P 2983 4 4642 292
P 6304 3 27932 361
P 3027 1 59818 997
P 1857 2 15125 829
P 5026 2 46001 140
P 9628 1 87784 210
P 6978 2 56257 454
P 2622 2 7863 518
P 4568 3 77083 134
P 3119 1 72056 140
P 9857 4 98787 474
P 4201 2 27177 210
P 9330 4 8686 50
P 5230 3 88917 525
P 5084 4 79595 210
P 5120 1 92175 836
P 9145 3 66858 763
P 1188 3 14006 832
P 1512 1 45164 403
P 9244 1 63893 518
P 1801 2 12375 100
P 3862 4 33652 210
P 1065 1 27411 914
P 2203 3 23660 361
P 5890 2 7158 140
P 8765 4 95997 516
P 4734 2 57218 60
P 8912 1 82346 558
P 1546 2 46635 573
P 2201 3 65756 410
P 8618 3 77275 962
P 8800 4 29454 520
P 8818 1 93070 751
P 9674 4 71264 5
P 2367 2 31139 454
P 1426 4 69209 5
P 9787 1 61221 772
P 7834 3 93147 806
P 7052 2 92945 463
P 8241 3 50291 751
P 8790 4 96101 754
P 1094 1 43109 387
P 1785 3 37240 387
P 4437 2 77417 100
P 1593 4 43173 134
P 1700 4 74776 829
P 4741 2 52558 140
P 2528 2 83050 5
P 9642 3 76449 520
P 9597 3 83457 997
P 9017 4 1611 100
P 2610 2 59127 993
P 4058 2 69510 716
P 8756 1 85338 518
P 8309 1 95177 209
P 9158 4 35665 871
P 3168 2 87526 403
P 1476 4 80372 768
P 4458 4 23787 210
P 5740 1 21734 134
P 1194 1 28349 754
P 2644 1 99049 60
P 3081 1 75114 751
P 8213 3 26696 837
P 3092 1 99862 772
P 4205 2 27146 829
P 6301 3 53551 893
P 2539 1 75654 754
P 6658 2 11673 140
P 6090 1 92390 410
P 8618 3 77275 962
P 6272 4 18907 292
P 5004 3 78932 553
P 3861 4 84349 50
P 4458 4 23787 210
P 4557 3 64145 832
P 2938 3 91110 140
P 6833 1 20231 474
P 5660 2 68549 210
P 5074 3 28462 100
P 6646 1 81785 993
P 7871 1 85664 597
P 9861 4 58322 772
P 4643 3 43685 5
P 9542 1 92154 454
P 3729 3 13252 520
P 1437 3 15536 895
P 9107 1 50053 893
P 4512 1 13949 993
P 7568 4 48980 962
P 1157 1 53103 41
P 1204 2 80226 382
P 2652 1 29712 520
P 8207 1 43084 42
P 2359 3 31141 42
P 9446 1 53966 474
P 8580 2 5241 140
P 3481 2 75247 516
P 4458 2 73536 914
P 1096 2 82309 474
P 9305 3 46353 210
P 1701 1 88172 806
P 7650 2 3929 751
P 5259 1 22288 210
P 7774 3 39908 50
P 9846 2 75937 60
P 5505 1 70050 361
P 3412 3 71199 41
P 7647 4 95702 573
P 2544 2 98006 993
P 4355 2 33105 763
P 2440 4 61353 887
P 6365 4 74659 914
P 4042 3 2897 470
P 8272 2 62498 558
P 1506 3 52799 895
P 9395 2 36928 410
P 5707 3 12273 78
P 7389 2 77877 140
P 8097 3 88508 60
P 3638 3 61081 5
P 2852 4 90550 997
P 9204 3 49749 361
P 9969 4 18465 82
P 2880 4 46476 134
P 7053 4 90079 403
P 1713 4 20573 387
P 5211 4 73728 140
P 8235 2 28997 42
P 8048 2 36256 292
P 6074 1 23182 553
P 4736 3 92870 100
P 5588 2 11086 454
P 8793 1 97252 806
P 6338 2 83377 893
P 4516 3 99393 597
P 4576 2 78922 871
P 9468 1 3917 893
P 3535 2 74828 958
P 8434 1 26912 751
P 8287 2 26189 558
P 9597 1 92719 292
P 5905 2 9891 520
P 3457 1 45848 141
P 7612 3 11074 82
P 9349 2 87004 997
P 7105 1 47738 520
P 4846 2 31804 140
P 8705 3 22943 463
P 6806 2 69837 895
P 1462 4 13285 382
P 8618 3 77275 962
P 6397 4 54110 361
P 6385 2 44153 950
P 8310 1 48151 525
P 6981 1 95015 209
P 7563 4 88188 853
P 8485 3 21455 382
P 1121 3 46777 993
P 1546 1 14010 41
P 9493 1 34948 994
P 1067 3 35506 209
P 4567 4 60283 361
P 7520 1 30758 993
P 5363 4 94687 292
P 6776 1 13755 837
P 9959 3 12290 520
P 5616 2 90178 893
P 5742 2 34857 209
P 1522 4 64718 763
P 9126 4 72879 962
P 6474 2 80056 997
P 8362 3 98153 993
P 2594 2 42269 516
P 9065 3 56883 210
P 1893 2 58511 597
P 4260 3 50336 895
P 3600 3 98625 895
P 3253 4 17473 210
P 3136 2 29002 558
P 6305 3 10087 382
P 8401 2 9379 78
P 4212 1 72532 772
P 1382 3 23764 5
P 4454 2 42106 871
P 8366 3 21338 5
P 4989 2 41792 768
P 6904 4 59791 731
P 2329 3 71907 525
P 4179 4 85673 134
P 4954 2 64721 893
P 6523 4 21652 463
P 2053 2 96437 871
P 5287 1 86813 553
P 2792 1 81068 5
P 8609 2 70591 454
P 9129 1 52143 403
P 2711 1 88550 958
P 7517 3 66455 387
P 4829 1 31203 42
P 5430 2 38100 100
P 1744 1 67862 751
P 9373 3 98757 518
P 1047 3 40251 772
P 7796 3 55621 78
P 7284 4 47166 41
P 6958 2 62928 553
P 1290 1 94385 454
P 4458 4 23787 210
P 8048 3 23415 914
P 9834 2 31665 958
P 1072 1 6395 41
P 7449 3 99947 597
P 1285 4 25462 997
P 1338 2 37851 60
P 2819 3 19270 474
P 9483 2 56218 832
P 2313 2 5748 573
P 4796 4 78110 474
P 1744 2 54791 520
P 3893 2 57403 387
P 1288 4 78379 573
P 1476 1 73730 806
P 5885 4 67516 5
P 8618 3 77275 962
P 7502 2 54903 60
P 1790 1 8853 78
P 6841 1 68846 387
P 9080 2 52464 56
P 2174 2 60462 772
P 2722 4 9315 573
P 8258 3 27011 806
P 4154 3 60821 597
P 3279 4 93504 993
P 4611 4 19283 993
P 3182 1 36412 962
P 1310 4 58624 238
P 4496 4 76634 41
P 2030 3 1547 893
P 7632 4 20129 598
P 1228 4 26009 5
P 3737 2 87007 832
P 9128 1 35886 382
P 7668 1 29817 597
P 4650 2 43064 361
P 7153 1 42014 893
P 7712 4 40434 134
P 4815 2 9833 42
P 8736 1 57577 573
P 1887 4 36204 958
P 7974 4 19018 463
P 6993 4 10090 895
P 7363 4 66613 82
P 5317 3 13587 829
P 7054 2 2762 832
P 4198 2 59736 454
P 3585 2 53236 994
P 6424 1 57348 387
P 3966 2 5113 134
P 8794 2 4578 134
P 8722 3 47466 893
P 3080 2 70603 942
P 1930 1 27376 806
P 8666 1 72130 454
P 7791 3 52237 806
P 9881 2 29421 895
P 5859 4 66535 525
P 1809 1 25708 573
P 8599 4 96417 558
P 2578 3 90449 772
P 4421 3 93605 772
P 3811 4 75226 5
P 2254 4 14018 664
P 2992 3 82230 474
P 6983 2 82203 100
P 9960 4 12263 772
P 5445 3 98581 958
P 3681 2 55330 772
P 1164 1 4793 382
P 6483 2 41005 474
P 3344 1 11668 895
P 3862 1 24759 474
P 9331 3 28313 317
P 6164 3 85293 994
P 8827 3 89040 41
P 5486 2 61738 993
P 8866 1 30191 292
P 6516 1 68007 108
P 8618 3 77275 962
P 9411 3 5778 209
P 1639 2 45333 772
P 5309 1 8338 994
P 1400 4 40077 520
P 2903 1 43929 50
P 8618 3 77275 962
P 5494 1 81759 558
P 8126 1 46032 829
P 7016 1 75949 806
P 2637 2 36055 869
P 6448 2 69097 412
P 5941 3 44199 772
P 5628 3 87888 871
P 9311 1 7684 463
P 1648 4 38096 553
P 5505 1 70050 361
P 3764 2 29632 962
P 7529 3 40330 210
P 3474 4 94720 463
P 4414 3 9536 317
P 2085 2 66340 806
P 1775 1 27969 82
P 6215 3 17204 474
P 9003 1 13845 209
P 4641 1 58187 806
P 3550 1 14013 172
P 4247 2 50276 993
P 5246 3 9329 754
P 4456 4 1686 134
P 4822 2 99888 893
P 7019 1 90124 5
P 5042 4 1668 754
P 5858 2 99650 478
P 5214 1 64655 558
P 1243 3 23150 41
P 6836 2 7826 772
P 7640 3 96024 871
P 4680 3 33624 5
P 8454 1 91974 410
P 5299 2 61837 209
P 8818 1 93070 751
P 6665 3 44506 387
P 5491 2 89219 518
P 2924 4 58195 403
P 1354 2 58754 292
P 2703 2 49435 60
P 4825 3 70741 134
P 8841 3 39971 100
P 6452 4 75107 50
P 8408 3 14506 78
P 6328 2 62949 754
P 8398 2 83637 100
P 4522 3 80568 895
P 5444 4 34126 772
P 6822 2 9683 958
P 2967 3 49786 619
P 1537 3 26772 458
P 6625 2 71690 751
P 5053 3 78260 754
P 7727 3 97893 553
P 5247 1 55253 994
P 7899 1 96273 958
P 1424 2 70196 100
P 9393 1 81761 726
P 3394 2 66555 474
P 4687 4 39956 474
P 8789 3 64694 520
P 4689 2 98046 751
P 1246 1 31477 520
P 4686 2 34982 210
P 5422 2 88832 928
P 3671 4 13437 997
P 3618 3 50044 463
P 3507 4 42423 100
P 7536 3 21172 209
P 9674 4 71264 5
P 6571 1 96888 210
P 3401 1 20468 403
P 6535 4 13161 763
P 3939 2 40682 893
P 3727 3 69379 525
P 5245 2 26822 209
P 9540 3 62375 5
P 2659 1 21169 729
P 8368 3 41501 754
P 7621 3 47968 806
P 7996 2 17439 42
P 6739 4 82227 837
P 7924 3 94624 387
P 9574 4 70111 382
P 9858 4 19038 958
P 3302 1 77478 997
P 3230 3 99330 78
P 5975 1 58604 140
P 9168 1 32497 962
P 8155 4 70370 50
P 5296 4 48904 870
P 7657 4 84708 994
P 1840 4 73419 772
P 3558 3 37337 558
P 3471 4 69352 209
P 5368 4 33711 768
P 6688 2 83578 82
P 9164 4 33351 597
P 1585 4 31003 751
P 1794 1 91307 518
P 3559 3 54328 768
P 2515 2 79379 50
P 7192 1 89589 525
P 2994 2 11136 403
P 4851 3 3767 997
P 4431 4 49599 42
P 3063 3 1432 837
P 8759 4 2279 558
P 5065 2 57034 763
P 8314 3 30044 5
P 5277 2 73283 772
P 2261 4 89428 871
P 2508 4 75816 754
P 3775 1 56906 520
P 9998 4 3963 829
P 9046 2 69091 463
P 8239 3 64043 525
P 7396 3 5994 806
P 3054 4 17440 134
P 3328 1 63156 100
P 4690 2 39876 41
P 6401 3 74652 82
P 1577 4 43102 520
P 6275 3 10822 140
P 3618 3 8975 78
P 3463 4 6042 832
P 9196 3 10384 100
P 3611 4 34865 553
P 9088 1 81171 520
P 1685 4 99600 754
P 5258 2 79519 403
P 9843 4 70395 553
P 5905 4 72815 871
P 4557 4 15976 997
P 6725 1 97836 960
P 1488 4 48958 210
P 9618 3 93521 772
P 9254 2 27805 292
P 8341 4 14407 518
P 5776 2 30094 361
P 5159 4 41762 518
P 9101 2 73751 958
P 8886 2 42625 60
P 9912 3 20027 361
P 6420 1 57782 997
P 7445 2 91866 41
P 3405 2 44647 914
P 6213 2 4975 963
P 9247 2 55646 997
P 5880 2 35821 60
P 9585 4 71025 387
P 4810 4 33686 474
A 7153 893
A 3488 82003
A 7621 806
A 4512 993
A 7053 403
A 3119 140
A 3565 45655
A 9881 895
A 7796 78
A 5084 210
A 4512 993
A 4421 772
R 230
R 833
R 75
R 702
R 451
R 937
R 643
R 713
R 764
R 874
R 576
R 27
R 192
R 405
R 366
R 381
R 524
R 280
R 312
R 795
R 709
R 675
R 450
R 950
R 214
R 60
R 127
R 426
R 329
R 647
R 89
R 559
R 530
R 165
R 311
R 30
R 151
R 4
R 744
R 915
R 878
R 370
R 943
R 119
R 775
R 359
R 501
R 348
R 639
R 813
I 60 31509
I 426 13116
I 713 13116
I 647 66032
I 647 25858
I 689 44551
I 89 66747
I 764 13116
I 151 10442
I 381 30978
I 415 82410
I 4 10713
I 713 13116
I 165 28282
I 702 70887
I 214 30978
I 405 44141
I 501 76657
I 643 62584
I 60 66032
I 311 88829
I 165 10442
I 937 88829
I 937 47624
I 764 47617
I 312 60348
I 230 70832
I 643 13116
I 311 70887
I 713 13116
I 878 81168
I 702 13116
I 709 17635
I 450 61393
I 426 31509
I 937 62584
I 381 30978
I 874 44141
I 639 10713
I 119 60877
I 943 15485
I 833 25858
I 647 40016
I 643 76657
I 370 36464
I 576 44141
I 4 70887
I 312 25858
I 4 60348
I 878 70832
I 329 60877
I 643 81174
I 280 60877
I 214 91687
I 647 25858
I 4 47624
I 4 10713
I 937 15485
I 75 70551
I 119 62584
I 405 70062
I 359 70062
I 775 47617
I 280 40016
I 524 81168
I 559 89519
I 713 70887
I 501 66032
I 60 40016
I 702 15134
I 709 60877
I 4 70551
I 370 76657
I 702 55697
I 764 88829
I 560 99061
I 4 70887
I 165 62584
I 874 13116
I 192 81174
I 530 84051
I 795 88829
I 27 60877
I 366 84051
I 950 70832
I 950 82870
I 127 88829
I 702 15134
I 119 84051
I 643 82870
I 450 17635
I 312 81682
I 709 61393
I 4 82870
I 813 18172
I 60 81682
I 675 93828
I 359 60348
I 192 58889
I 744 70832
I 165 15485
I 675 91687
I 709 15134
I 359 55697
I 426 70062
I 366 88829
I 30 88829
I 647 99515
I 426 70887
I 915 62584
I 329 59699
I 60 40016
I 230 18172
I 165 28282
I 647 61393
I 795 10033
I 348 15025
I 950 88829
I 950 25858
I 4 47617
I 709 17836
I 639 88829
I 675 81610
I 280 81168
I 280 60680
I 273 88997
I 27 25858
I 311 66032
I 764 60877
I 501 76657
I 524 84051
I 366 70832
I 151 61393
I 244 17769
I 764 93828
I 450 10332
I 647 25858
I 713 62584
I 359 66032
I 744 89519
I 675 81168
I 280 36464
I 89 60680
I 744 70062
I 27 10442
I 359 10033
I 381 17635
I 943 55697
I 524 36464
I 713 15025
I 192 89519
I 451 88829
I 230 47617
I 312 55697
I 833 58889
I 329 70551
I 450 36464
I 4 47617
I 329 82870
I 426 13116
I 418 36502
I 82 38221
I 312 89519
I 524 70887
I 501 25858
I 744 61393
I 943 55790
I 280 81174
I 874 17836
I 937 40016
I 426 10033
I 119 88829
I 165 55697
I 259 77227
I 576 10332
I 639 10332
I 497 84416
I 530 17836
I 833 10713
I 60 15134
I 813 60877
I 127 60680
I 950 49567
I 4 70062
I 348 10442
I 359 58889
I 4 58889
I 608 93859
I 165 10332
I 874 89519
I 764 60348
I 30 13116
I 764 64493
I 359 81682
I 119 66747
I 915 64493
I 127 10713
I 950 44141
I 744 10713
I 647 89519
I 450 15134
I 192 10332
I 530 62584
I 795 55697
I 878 84051
I 874 60348
I 329 17635
I 874 88829
I 329 25858
I 689 44551
I 950 31509
I 230 36464
I 214 30978
I 370 47624
I 639 30978
I 559 15485
I 744 58889
I 165 62584
I 713 60680
I 451 36464
I 410 33935
I 450 47617
I 348 55697
I 915 10332
I 4 10033
I 795 10332
I 713 55697
I 878 36464
I 639 15485
I 75 70551
I 381 49567
I 369 46608
I 524 55790
I 937 47624
I 119 25858
I 405 60348
I 709 31509
I 591 30515
I 713 17836
I 165 70832
I 937 47624
I 450 93828
I 450 81168
I 370 55790
I 312 55790
I 192 47624
I 119 66032
I 151 13116
I 293 47928
I 89 70887
I 30 70062
I 764 13116
I 501 89519
I 60 60877
I 312 60680
I 312 10442
I 287 70967
I 943 55697
I 370 61393
I 450 59699
I 366 15485
I 524 17836
I 405 61393
I 744 60877
I 713 58889
I 60 18172
I 874 81610
I 214 88829
I 214 93828
I 559 81682
I 709 91687
I 647 15485
I 764 13116
I 89 70832
I 915 61393
I 366 17635
I 744 10332
I 709 60877
I 878 28282
I 795 13116
I 813 15025
I 89 70887
I 27 81682
I 214 10332
I 647 25858
I 915 10442
I 874 81610
I 813 81610
I 795 10033
I 312 30978
I 813 55697
I 576 60877
I 311 70062
I 764 70887
I 127 84051
I 874 59699
I 501 10713
I 530 70832
I 764 10713
I 795 49567
I 311 31509
I 151 61393
I 451 76657
I 764 30978
I 214 60877
I 530 17635
I 833 10033
I 366 70062
I 114 68392
I 60 81174
I 537 28583
I 280 91687
I 370 47624
I 214 17836
I 530 15025
I 230 70062
I 366 10713
I 27 18172
I 280 10332
I 119 25858
I 451 28282
I 833 99515
I 75 28282
I 647 25858
I 702 55697
I 312 10442
I 89 84051
I 764 13116
I 713 91687
I 451 28282
I 60 70832
I 329 30978
I 530 15134
I 230 31509
I 559 15134
I 647 76657
I 675 84051
I 280 62584
I 381 40016
I 381 88829
I 454 61058
I 75 15485
I 891 71736
I 713 55790
I 47 38784
I 689 44551
I 348 28282
I 501 84051
I 709 17635
I 713 13116
I 214 30978
I 348 30978
I 381 60877
I 89 28282
I 348 55697
I 165 40016
I 524 82870
I 643 36464
I 397 12789
I 744 64493
I 915 81610
I 647 66032
I 165 61393
I 559 55697
I 381 10033
I 559 47624
I 937 88829
I 524 10442
I 639 55790
I 151 25858
I 127 62584
I 151 89519
I 530 61393
I 60 47617
I 312 10332
I 576 10442
I 312 55697
I 833 99515
I 4 13116
I 524 76657
I 119 64493
I 311 28282
I 311 81682
I 744 93828
I 60 31509
I 4 60348
I 75 10713
I 764 13116
I 359 89519
I 89 36464
I 366 70551
I 702 28282
I 713 13116
I 713 13116
I 437 92260
I 4 15025
I 764 10332
I 813 82870
I 4 10713
I 60 47624
I 359 61393
I 192 99515
I 381 30978
I 795 10713
I 795 10713
I 813 17836
I 775 70551
I 943 61393
I 639 17836
I 813 60877
I 813 60680
I 675 55790
I 559 17836
I 230 58889
I 312 81174
I 329 10713
I 713 66747
I 713 61393
I 280 15025
I 795 93828
I 381 10442
I 833 89519
I 576 17836
I 764 17635
I 675 58889
I 915 93828
I 576 17635
I 576 70832
I 775 99515
I 381 44141
I 639 13116
I 915 91687
I 639 10033
I 943 81610
I 878 91687
I 192 10033
I 643 10442
I 795 58889
I 370 93828
I 950 30978
I 405 64493
I 576 60348
I 4 64493
I 950 81168
I 709 28282
I 501 84051
I 89 99515
I 647 13116
I 706 11369
I 576 30978
I 214 49567
I 311 66032
I 675 60348
I 359 58889
I 381 61393
I 192 10332
I 119 15485
I 950 62584
I 214 17635
I 30 18172
I 381 31509
I 629 79959
I 937 18172
I 230 44141
I 524 49567
I 647 88829
I 450 15025
I 359 40016
I 237 46021
I 151 81168
I 353 72896
I 426 10713
I 639 66032
I 639 66032
I 30 13116
I 614 57448
I 775 58889
I 230 91687
I 915 30978
I 4 91687
I 937 18172
I 165 28282
I 530 66032
I 559 60680
I 524 81610
I 943 81168
I 370 60680
I 915 10442
I 813 89519
I 348 70887
I 647 55790
I 647 62584
I 612 14143
I 405 58889
I 647 55790
I 450 89519
I 366 81610
I 606 16657
I 451 70887
I 381 28282
I 559 70551
I 559 31509
I 405 40016
I 127 30978
I 643 88829
I 647 55790
I 119 99515
I 348 60348
I 230 47617
I 833 64493
I 559 66747
I 915 58889
I 230 81610
I 415 82410
I 813 31509
I 230 70832
I 833 18172
I 530 70887
I 450 47624
I 950 15485
I 311 25858
I 878 60348
I 530 81174
I 348 70887
I 937 81174
I 312 15134
I 833 36464
I 451 70551
I 643 66747
I 775 17635
I 950 55697
I 524 31509
I 89 44141
I 311 55697
I 348 28282
I 450 55790
I 923 34701
I 702 60348
I 874 81174
I 451 59699
I 329 99515
I 775 49567
I 60 70832
I 874 62584
I 713 62584
I 647 81174
I 119 55790
I 151 88829
I 230 82870
I 764 58889
I 89 81682
I 89 66747
I 647 58889
I 119 76657
I 329 70832
I 950 10332
I 885 98248
I 451 91687
I 30 15025
I 501 81174
I 709 15134
I 675 60348
I 230 43132
I 119 61393
I 450 40016
I 501 10033
I 359 61393
I 943 13116
I 426 47624
I 370 70832
I 370 39284
I 28 84018
I 775 36464
I 451 55790
I 950 31509
I 915 81168
I 833 47624
I 280 17635
I 709 93828
I 795 81174
I 744 70551
I 647 13116
I 675 36464
I 713 43132
I 524 47617
I 675 60348
I 450 18172
I 524 30978
I 744 13116
I 833 44141
I 559 36464
I 709 91687
I 340 32160
I 60 47617
I 370 17836
I 405 70887
I 151 55790
I 702 60680
I 370 55790
I 119 84051
I 60 31509
I 359 76657
I 764 30978
I 405 70062
I 450 44141
I 127 82870
I 27 15485
I 713 99515
I 119 88829
I 576 62584
I 381 30978
I 311 89519
I 874 91687
I 348 10713
I 4 10713
I 675 60877
I 501 15485
I 311 36464
I 775 82870
I 559 15025
I 89 18172
I 151 60877
I 151 10713
I 501 40016
I 214 36464
I 643 62584
I 675 70832
I 165 99515
I 214 84051
I 764 55697
I 795 15025
I 426 13116
I 647 66032
I 75 13116
I 451 49567
I 127 43132
I 874 10332
I 165 18172
I 370 91687
I 576 44141
I 943 44141
I 89 49567
I 405 15134
I 60 31509
I 40 69062
I 329 82870
I 151 10442
I 165 66032
I 405 49567
I 192 78910
I 192 10442
I 359 76657
I 675 47624
I 647 25858
I 280 59699
I 878 17836
I 713 43132
I 702 76657
I 405 17635
I 214 30978
I 576 60680
I 75 93828
I 874 25858
I 702 31509
I 559 76657
I 524 66747
I 820 15196
I 813 81682
I 119 58889
I 119 60348
I 702 13116
I 643 40016
I 381 13116
I 795 91687
I 833 47617
I 280 82870
I 709 25858
I 764 30978
I 713 47617
I 833 55697
I 370 17836
I 60 31509
I 943 44141
I 878 64493
I 359 31509
I 709 66032
I 813 81682
I 874 88829
I 405 70887
I 906 61478
I 647 25858
I 89 66747
I 576 36464
I 878 89519
I 329 61393
I 60 81174
I 450 43132
I 27 49567
I 702 58889
I 744 91687
I 405 84051
I 311 60348
I 60 60348
I 524 18172
I 524 84051
I 430 63160
I 359 93828
I 713 47624
I 27 61393
I 813 91687
I 405 81174
I 348 76657
I 950 28282
I 915 18172
I 937 58889
I 30 47624
I 643 60680
I 764 70551
I 764 91687
I 937 28282
I 795 30978
I 127 81610
I 127 49567
I 764 70887
I 426 13116
I 744 17836
I 359 81168
I 451 15025
I 405 44141
I 795 18172
I 744 60348
I 366 70551
I 878 30978
I 813 55697
I 713 31509
I 151 10442
I 915 91687
I 702 84051
I 451 81168
I 878 64493
I 311 30978
I 127 30978
I 450 70062
I 643 10442
I 151 81168
I 675 40016
I 312 28282
I 30 93828
I 878 55790
I 874 70551
I 709 15025
I 89 70887
I 348 44141
I 559 47624
I 4 76657
I 813 91687
I 813 13116
I 573 47424
I 709 76657
I 647 55790
I 813 66747
I 89 66032
I 426 81168
I 874 76657
I 501 70832
I 359 30978
I 359 61393
I 381 64493
I 450 15134
I 764 70062
I 329 13116
I 75 82870
I 713 47624
I 405 13116
I 127 88829
I 151 59699
I 30 88829
I 937 70551
I 647 43132
I 348 10033
I 4 89519
I 405 70887
I 366 91687
I 702 64493
I 813 28282
I 643 25858
I 75 47624
I 559 66747
I 214 47617
I 887 12205
I 311 36464
I 348 88829
I 27 43132
I 381 70832
I 366 70832
I 709 36464
I 950 60348
I 937 81174
I 647 10713
I 559 70551
I 450 47617
I 280 66032
I 576 81682
I 950 70887
I 151 15025
I 426 59699
I 709 31509
I 56 70743
I 530 47624
I 405 49567
I 151 55790
I 451 17836
I 381 60680
I 744 61393
I 214 15025
I 833 36464
I 675 28282
I 937 15134
I 713 18172
I 744 82870
I 214 61393
I 165 15485
I 89 13116
I 89 55697
I 381 25858
I 643 88829
I 713 81610
I 559 82870
I 366 84051
I 878 36464
I 878 49567
I 329 81168
I 312 55790
I 165 70551
I 27 70832
I 643 66747
I 943 25858
I 280 17836
I 311 88829
I 127 13116
I 643 93828
I 192 62584
I 348 70062
I 426 15485
I 878 89519
I 74 28350
I 501 15485
I 405 58889
I 639 17635
I 214 10442
I 89 47617
I 119 18172
I 878 28282
I 280 13116
I 647 25858
I 501 76657
I 576 81168
I 764 61393
I 530 10442
I 405 81682
I 643 66747
I 348 93828
I 366 40016
I 450 36464
I 878 49567
I 348 28282
I 75 10442
I 75 36464
I 30 28282
I 950 62584
I 119 62584
I 381 81610
I 127 59699
I 4 10713
I 311 55697
I 230 61393
I 89 99515
I 312 84051
I 75 18172
I 833 31509
I 950 10033
I 30 15134
I 359 99515
I 713 47617
I 450 25858
I 675 70887
I 775 81168
I 713 13116
I 950 10713
I 950 64493
I 312 60348
I 214 25858
I 643 15134
I 744 44141
I 937 70887
I 450 82870
I 709 66747
I 30 18172
I 451 10033
I 214 25858
G 713 280
G 576 501
G 151 709
G 280 833
G 127 937
G 915 559
G 713 833
G 27 165
G 381 576
G 119 744
G 359 501
G 381 643
B 42 8207 4431
B 573 3697 1809
B 997 9247 2802
B 994 9493 7657
B 768 3559 1476
B 210 4458 1488
B 382 1204 9574
B 140 5890 6275
B 50 2613 2515
B 361 5505 9912
B 993 4247 5185
B 410 4000 8454
X
Y
Z 937