# ************************************
# University of Crete
# Computer Science Department
# 
# HY240 - Data Structures
# Project-phase2 test file
# 
# Events:    Number:
#   L         20
#   P         200
#   A         10
#   R         10
#   I         180
#   G         10
#   B         10
#   X         1
#   Y         1
#   Z         1
# 
# Created on: 15/5/2017, 20:33:5
# ************************************

0 10
1 945

L 674
L 466
L 32
L 252
L 384
L 571
L 664
L 824
L 987
L 711
L 933
L 208
L 50
L 345
L 120
L 352
L 175
L 801
L 7
L 957
P 3626 3 77076 7
P 7955 1 5186 345
P 9729 3 53447 634
P 5650 2 29469 120
P 6694 4 75097 175
P 7806 4 81517 674
P 6235 4 18925 824
P 3010 1 4141 7
P 9906 4 70858 933
P 1532 1 89199 664
P 3580 4 61076 674
P 3281 4 55807 466
P 1456 3 83249 384
P 9437 2 4490 957
P 2906 4 31317 7
P 8662 4 51933 120
P 3479 1 30981 801
P 1814 1 85700 50
P 7255 3 85278 933
P 3010 1 4141 7
P 8827 4 99551 824
P 3869 3 70902 50
P 7931 3 68126 50
P 8926 2 6040 120
P 9796 3 31683 824
P 7682 1 58162 32
P 6365 1 16315 208
P 8486 4 5724 933
P 6308 2 25176 571
P 1989 4 73587 364
P 6524 2 28247 466
P 3366 1 3965 824
P 3856 3 66417 50
P 4320 2 56401 957
P 4850 1 33809 50
P 9243 3 53315 50
P 2574 2 54853 711
P 4783 3 37398 711
P 9206 4 83245 208
P 1539 4 66761 50
P 3626 3 77076 7
P 1092 3 60451 7
P 2160 3 44948 664
P 9890 4 19040 987
P 5948 4 57145 711
P 4580 1 1289 711
P 3626 3 77076 7
P 2123 4 36282 776
P 3543 1 70475 801
P 1050 3 57770 352
P 9835 1 43431 175
P 9012 2 19979 7
P 6845 4 14560 120
P 5347 4 78007 175
P 4155 1 77189 466
P 1522 3 92928 817
P 9192 1 98413 352
P 8868 1 3972 352
P 7116 3 82611 987
P 3766 2 28994 32
P 6700 2 65913 345
P 1097 3 92641 7
P 5328 4 60995 711
P 4998 2 81965 711
P 5546 1 83917 664
P 4082 3 82041 50
P 7342 2 6195 824
P 4340 3 23484 310
P 7372 1 85737 252
P 3701 3 58237 352
P 1749 4 49298 987
P 8472 1 31434 711
P 1108 3 88691 824
P 2684 3 35359 987
P 6372 1 22199 711
P 9770 4 80965 208
P 5122 3 46156 7
P 9504 4 10731 571
P 9384 2 94649 175
P 6441 1 38667 957
P 4910 3 54588 50
P 8530 3 75708 50
P 3540 1 81349 120
P 8742 3 82632 957
P 9010 1 1215 707
P 6461 3 22529 208
P 6867 1 67534 664
P 5579 4 86460 252
P 2309 2 91195 801
P 7941 3 13734 120
P 2664 3 70590 252
P 5859 4 4885 352
P 2530 2 46482 175
P 6112 2 63744 987
P 7599 3 76226 50
P 1575 2 3740 252
P 5774 2 76765 384
P 1833 4 36479 32
P 7396 2 94064 252
P 6850 3 49981 571
P 9989 1 74858 352
P 2858 4 8603 384
P 2999 4 39868 957
P 3626 3 77076 7
P 3839 1 30903 674
P 3178 1 66107 801
P 2582 1 15972 192
P 9189 4 6566 120
P 7729 1 6461 140
P 1479 1 22836 175
P 4892 1 44460 7
P 6716 3 26823 208
P 4930 3 90837 50
P 8355 2 58333 933
P 8826 2 57201 7
P 7373 4 53983 7
P 9532 2 93007 824
P 3682 1 91211 208
P 7006 4 27231 208
P 8090 2 11773 824
P 9729 3 53447 634
P 7095 4 14781 384
P 9476 1 9835 801
P 4569 1 57400 664
P 2452 4 72659 987
P 4140 1 94273 711
P 8956 4 81952 32
P 9810 4 87284 32
P 6396 1 18212 345
P 3626 3 77076 7
P 3619 2 83034 711
P 5971 4 91930 7
P 8745 2 67751 120
P 5427 4 41847 711
P 3557 3 68575 801
P 8707 3 58419 208
P 7123 4 6070 933
P 4777 1 20799 664
P 2788 2 96765 943
P 5132 4 8408 7
P 4230 3 17176 384
P 1178 4 75027 208
P 4852 2 52906 7
P 9495 4 98757 571
P 5327 2 25529 424
P 7955 1 5186 345
P 7450 2 16432 801
P 3912 4 44257 466
P 9190 2 96408 987
P 7760 2 44067 120
P 4566 1 14976 345
P 6088 3 97402 175
P 6496 3 3390 352
P 6813 1 30497 466
P 8158 4 66446 352
P 1878 3 80739 933
P 5191 4 27505 50
P 5810 1 24065 933
P 2906 4 31317 7
P 3269 4 43429 933
P 4216 4 92980 957
P 1912 1 81321 466
P 9372 3 97887 175
P 5739 4 64710 252
P 3010 1 4141 7
P 1096 2 89105 7
P 2736 1 57755 674
P 6848 4 68572 50
P 2246 1 54632 352
P 5234 2 10302 252
P 9335 4 40333 50
P 5667 3 28866 987
P 6905 3 61020 384
P 7500 4 54499 987
P 3615 3 66616 175
P 9778 2 73659 466
P 5596 4 32805 7
P 2742 2 24335 711
P 8207 1 44238 987
P 1383 1 24753 208
P 7728 4 8687 987
P 4627 2 1877 32
P 5584 3 45621 175
P 1549 1 98257 571
P 8358 1 63440 571
P 9922 2 63774 384
P 2514 4 75594 384
P 5134 3 77732 711
P 3071 4 43947 345
P 9905 3 83428 957
P 3987 4 14483 957
P 6767 4 34723 571
P 2984 2 17268 957
P 5982 2 34489 664
P 6029 4 56258 239
P 5929 4 52504 933
P 8669 2 16491 175
P 8175 4 69651 466
P 3010 1 4141 7
P 7005 3 11120 384
A 5810 933
A 5191 50
A 7116 987
A 3856 50
A 6767 571
A 7797 74876
A 1096 7
A 4930 50
A 5739 252
A 1479 175
R 467
R 733
R 86
R 468
R 945
R 720
R 49
R 91
R 934
R 810
I 467 78066
I 91 40192
I 49 27633
I 467 45319
I 720 40192
I 49 68563
I 945 42242
I 733 14406
I 720 49106
I 810 78066
I 467 78066
I 727 16547
I 468 27633
I 945 66976
I 467 66976
I 49 40192
I 733 42242
I 86 89727
I 934 49106
I 934 68563
I 901 91138
I 91 40192
I 467 27633
I 720 42242
I 720 45319
I 86 68563
I 260 49559
I 91 68563
I 934 49106
I 934 27633
I 91 66976
I 945 66976
I 720 42242
I 467 66976
I 49 89727
I 810 45319
I 468 66976
I 733 42242
I 49 68563
I 467 49106
I 468 68563
I 49 49106
I 86 42242
I 720 78066
I 49 78066
I 467 78066
I 467 42242
I 945 14406
I 733 40192
I 945 49106
I 810 42242
I 720 45319
I 467 68563
I 91 14406
I 733 89727
I 91 40192
I 467 40192
I 720 27633
I 49 66976
I 467 45319
I 467 14406
I 49 27633
I 49 89727
I 945 14406
I 49 49106
I 810 89727
I 810 42242
I 86 68563
I 720 14406
I 945 14406
I 934 40192
I 733 66976
I 86 89727
I 91 14406
I 86 14406
I 903 37904
I 934 40192
I 733 42242
I 91 78066
I 733 42242
I 467 42242
I 86 45319
I 733 14406
I 467 68563
I 810 68563
I 467 14406
I 934 49106
I 467 78066
I 467 45319
I 86 42242
I 91 42242
I 810 40192
I 945 68563
I 733 89727
I 810 45319
I 468 27633
I 934 89727
I 467 49106
I 934 27633
I 720 68563
I 733 78066
I 467 66976
I 934 49106
I 934 45319
I 784 78544
I 733 89727
I 810 78066
I 467 68563
I 934 89727
I 468 45319
I 945 40192
I 720 66976
I 945 45319
I 468 42242
I 467 40192
I 733 14406
I 468 66976
I 467 27633
I 733 42242
I 810 78066
I 810 78066
I 86 49106
I 467 66976
I 91 42242
I 91 40192
I 733 78066
I 945 14406
I 91 42242
I 91 40192
I 467 14406
I 467 42242
I 86 66976
I 468 49106
I 733 78066
I 934 78066
I 810 66976
I 945 42242
I 733 27633
I 720 66976
I 467 14406
I 91 89727
I 810 45319
I 945 78066
I 49 49106
I 91 66976
I 467 27633
I 49 89727
I 810 42242
I 86 89727
I 91 49106
I 934 78066
I 49 42242
I 91 49106
I 468 68563
I 720 89727
I 810 66976
I 467 14406
I 49 89727
I 91 45319
I 86 78066
I 945 49106
I 733 42242
I 49 45319
I 283 42714
I 934 14406
I 934 42242
I 810 89727
I 720 78066
I 86 40192
I 720 78066
I 467 66976
I 91 42242
I 86 49106
I 945 89727
I 49 27633
I 720 40192
I 810 40192
I 720 89727
I 733 68563
I 810 40192
G 945 91
G 49 468
G 810 934
G 468 810
G 91 468
G 468 86
G 720 733
G 733 86
G 467 2
G 720 810
B 674 7806 2736
B 571 6308 6767
B 957 2984 9437
B 801 3479 7450
B 7 3626 3010
B 957 2984 9437
B 175 8669 6694
B 120 7760 5650
B 384 1456 7005
B 32 4627 7682
X
Y
Z 945