L 114
L 484
L 134
L 752
L 914
L 906
L 327
L 44
L 299
L 169
P 5251 4 18857 114
P 6446 1 12208 484
P 6543 4 13011 134
P 7765 4 7589 752
P 6321 2 15635 914
P 6050 4 10664 906
P 6556 1 13231 327
P 6726 1 15137 44
P 6482 3 13604 299
P 7691 3 4248 169
P 6074 2 10940 114
P 6154 4 16039 484
P 5706 4 19220 134
P 7743 3 13714 752
P 5410 4 18270 914
P 7726 2 15525 906
P 6164 1 17125 327
P 6235 3 5360 44
P 5387 1 9748 299
P 7285 4 2347 169
P 6555 3 3908 114
P 5429 1 18120 484
P 5550 3 6461 134
P 6473 1 18206 752
P 5017 4 1857 914
P 5784 1 6746 906
P 5759 2 13803 327
P 7200 3 10469 44
P 6704 3 6573 299
P 7806 2 16154 169
P 5068 4 824 114
P 6047 3 9741 484
P 6363 4 2574 134
P 7128 2 8432 752
P 7731 2 14300 914
P 5248 1 11110 906
P 7222 4 19790 327
P 5278 1 7753 44
P 5653 2 16177 299
P 6169 3 16783 169
P 7836 2 18228 114
P 7611 4 7270 484
P 7227 2 19509 134
P 7559 3 11854 752
P 5224 3 10314 914
P 7414 1 688 906
P 5687 2 2328 327
P 5847 4 8724 44
P 5660 3 19675 299
P 5767 2 7306 169
P 6196 2 16545 114
P 7194 3 3982 484
P 7070 3 14180 134
P 5010 4 3567 752
P 7133 3 13031 914
P 6913 1 18200 906
P 7066 1 4636 327
P 5973 4 13648 44
P 5119 4 14796 299
P 7238 1 456 169
P 5299 2 4632 114
P 5612 4 15348 484
P 5506 4 12486 134
P 7309 4 12063 752
P 7214 4 8933 914
P 7664 4 12423 906
P 7543 1 6126 327
P 6888 1 9220 44
P 5371 1 19246 299
P 7164 3 17921 169
P 7736 3 5943 114
P 5551 2 8084 484
P 5110 3 4153 134
P 5955 3 1024 752
P 7724 1 16966 914
P 5716 2 7431 906
P 5802 3 14165 327
P 7241 3 19411 44
P 5194 3 1668 299
P 6310 2 3741 114
P 6227 3 1403 484
P 6278 4 11141 134
P 7156 1 19103 752
P 5097 2 4281 914
P 5651 4 7607 327
P 7267 2 11834 44
P 6464 1 16149 299
P 5621 1 15315 114
P 6895 2 16022 134
P 5729 2 13798 752
P 6486 1 8493 914
P 5888 1 7634 327
P 7862 1 18634 44
P 7127 1 17128 299
P 5123 1 4048 114
P 6981 2 12096 134
P 7904 2 15599 752
P 5089 4 12138 914
P 5418 2 19308 327
P 6837 3 1954 44
P 5614 1 1410 114
P 5983 1 12592 134
P 5575 1 13488 752
P 7984 1 3100 914
P 7608 3 10404 327
P 7115 1 13307 44
P 6729 4 3263 114
P 7062 4 2934 134
P 5592 3 15293 752
P 6261 4 16596 914
P 7964 3 8520 327
P 6742 4 14930 44
P 5996 1 9175 114
P 7851 3 572 134
P 5150 2 13538 752
P 6419 1 12160 914
P 6361 4 10104 327
P 7256 1 7680 44
P 6365 4 8320 114
P 7805 3 1853 134
P 6236 3 11647 752
P 5916 4 9240 914
P 7625 1 15815 327
P 7761 4 19707 44
P 5704 2 9235 114
P 6142 4 8650 134
P 5873 3 12835 752
P 6571 1 4181 914
P 5656 1 9892 327
P 6531 4 15631 44
P 6758 1 1828 114
P 7900 1 6435 134
P 5991 2 5402 752
P 5198 2 6907 914
P 5627 4 9234 327
P 6479 1 14084 114
P 6653 2 12576 134
P 5806 1 7960 752
P 5568 2 14587 914
P 7208 3 7909 327
P 5080 3 233 114
P 5522 3 6556 134
P 6394 3 6792 752
P 6677 4 18978 914
P 6774 3 8535 327
P 7374 4 1343 114
P 7787 1 5964 134
P 5999 4 9031 752
P 7983 3 7689 914
P 5941 3 12195 327
P 5415 4 4051 114
P 7420 1 18588 134
P 7519 2 6688 752
P 7553 3 12546 914
P 5626 3 4426 327
P 7044 1 2274 114
P 5935 3 14865 134
P 6996 4 10815 914
P 6157 4 3792 327
P 5598 1 18006 114
P 6720 1 2719 134
P 7704 4 8367 914
P 6170 4 10830 327
P 5726 1 18126 114
P 7864 1 6604 134
P 5673 4 1552 914
P 5031 2 17611 327
P 7443 1 13183 114
P 5335 2 1258 134
P 7613 1 15895 914
P 7849 1 15154 327
P 5453 4 12352 114
P 7302 4 9329 134
P 7424 4 14888 327
P 5862 1 16157 114
P 7211 2 5666 327
P 6918 4 3579 114
P 5809 1 8582 327
P 7866 1 11636 114
P 5380 4 13930 327
P 7055 1 17191 114
A 7115 44
A 5198 914
A 7761 44
A 7200 44
A 7070 134
A 7285 169
A 6704 299
A 6837 44
A 7133 914
A 7211 327
A 7424 327
A 7238 169
A 5660 299
A 5806 752
A 7691 169
R 10652
R 10163
R 10301
R 12185
R 10103
R 12195
R 10034
R 11050
R 10201
R 11727
I 10652 7066
I 10163 7704
I 10301 6473
I 12185 5522
I 10103 5656
I 12195 7964
I 10034 7851
I 11050 6261
I 10201 5506
I 11727 7608
I 10652 7208
I 10163 5916
I 10301 7519
I 12185 5983
I 10103 7849
I 12195 5656
I 10034 5550
I 11050 5097
I 10201 7070
I 11727 5031
I 10652 5759
I 10163 7214
I 10301 5010
I 12185 7864
I 10103 5627
I 12195 5031
I 10034 5983
I 11050 5198
I 10201 5522
I 11727 5627
I 10652 5626
I 10163 5097
I 10301 5991
I 12185 7900
I 10103 6157
I 12195 6157
I 10034 5506
I 11050 5224
I 10201 5335
I 11727 6556
I 10652 6157
I 10163 7724
I 10301 7743
I 12185 5335
I 10103 5031
I 12195 7849
I 10034 7070
I 11050 5673
I 10201 7864
I 11727 5626
I 10652 5627
I 10163 6571
I 10301 7309
I 12185 5506
I 12195 5627
I 10034 5522
I 11050 5568
I 10201 5983
I 11727 6774
I 10652 6774
I 10163 6677
I 10301 5150
I 12185 5550
I 10034 7900
I 11050 7133
I 10201 6363
I 11727 5656
I 10652 5031
I 10163 5410
I 12185 6363
I 10034 7864
I 11050 6321
I 10201 7900
I 11727 7222
I 10652 7849
I 10163 5568
I 10034 5335
I 11050 7724
I 10201 7851
I 11727 5759
I 10652 7964
I 10163 5673
I 10034 6363
I 11050 7984
I 10201 5550
I 11727 5380
I 10652 6361
I 10163 7983
I 11050 5410
I 11727 7211
I 10652 7608
I 10163 6419
I 11050 5017
I 11727 7208
I 10652 5656
I 10163 5224
I 11050 5916
I 11727 7066
I 10652 7222
I 10163 5198
I 11050 6571
I 11727 5651
I 10652 5651
I 10163 7133
I 11050 7983
I 11727 7849
I 10163 6321
I 11050 7214
I 11727 7964
I 10163 7984
I 11050 7704
I 11727 6157
I 10163 5017
I 11050 6677
I 11727 6361
I 10163 7613
I 10163 6261
G 10103 10201 10652
G 10034 12185 10201
G 12185 11727 10652
G 11050 12185 10163
G 10163 10201 12185
G 11727 10201 10652
G 11727 10652 10103
G 11727 12195 10652
G 10652 10201 12185
G 10163 11050 11050
B 914 5089 6261 5017
B 752 5991 5575 5592
B 327 7625 5759 7066
B 914 7553 7214 6321
B 752 7765 5592 5991
B 484 6446 6227 5551
B 914 7613 6419 7983
B 914 6419 7983 5410
B 752 7156 5010 7743
B 752 5999 6473 5592
X
Y
Z 11050
