L 182
L 368
L 59
L 813
L 54
L 644
L 70
L 641
L 902
L 426
L 401
L 620
L 319
L 326
L 947
L 369
L 502
L 982
L 952
L 588
P 5661 4 15029 182
P 5036 4 16670 368
P 5919 2 11028 59
P 6787 1 328 813
P 6007 3 16358 54
P 7290 4 18292 644
P 7245 1 2921 70
P 6652 1 5786 641
P 6189 3 7248 902
P 6682 2 17774 426
P 6483 1 7840 401
P 6538 1 17669 620
P 6791 1 16807 319
P 5782 1 1064 326
P 7016 2 3636 947
P 5129 3 3540 369
P 7307 1 6241 502
P 7529 3 11260 982
P 5817 1 4313 952
P 7611 1 5800 588
P 5733 4 19205 182
P 7028 1 17303 368
P 7564 3 1919 59
P 6082 2 11090 813
P 6451 4 6297 54
P 5138 1 18693 644
P 5704 4 15324 70
P 7163 2 5403 641
P 5279 3 4350 902
P 5084 1 6492 426
P 5064 2 13773 401
P 6040 2 5622 620
P 5247 2 16890 319
P 7407 1 14544 326
P 6003 4 9692 947
P 5360 1 3820 369
P 7076 4 9832 502
P 6763 3 2259 982
P 5198 2 684 952
P 6635 2 4907 588
P 6733 3 9387 182
P 7483 2 17549 368
P 6551 1 19990 59
P 5473 4 8034 813
P 5106 1 4527 54
P 7171 4 9721 644
P 5407 3 14934 70
P 6923 2 16780 641
P 6681 3 17509 902
P 6990 3 18340 426
P 5151 3 4224 401
P 7916 2 13831 620
P 5073 1 9850 319
P 7670 2 13365 326
P 6149 3 15361 947
P 5273 4 12137 369
P 5029 3 6568 502
P 7971 4 10914 982
P 7409 2 10077 952
P 5413 2 4883 588
P 5670 2 18886 182
P 6284 2 3685 368
P 7761 3 9441 59
P 6832 2 7890 813
P 7079 4 12396 54
P 6633 4 1962 644
P 6504 4 8178 70
P 5387 4 17298 641
P 6389 3 3386 902
P 5478 1 2622 426
P 5847 3 18649 401
P 5072 1 13553 620
P 7082 1 14580 319
P 5101 2 7641 326
P 6542 3 794 947
P 7513 4 4115 369
P 6229 3 4264 502
P 5305 1 12636 982
P 7825 3 12175 952
P 6289 2 2091 588
P 7113 2 11142 182
P 5606 3 15045 368
P 5987 4 977 59
P 7102 3 7048 813
P 5622 3 19929 54
P 5075 3 11505 644
P 7873 2 3247 70
P 5598 3 16975 641
P 5820 3 15190 902
P 6593 1 8959 426
P 5076 3 5408 401
P 7439 2 3503 620
P 5720 3 14043 319
P 6602 3 13370 326
P 7486 3 19701 947
P 5871 4 8630 369
P 5045 2 5944 502
P 5157 2 15010 982
P 5429 2 2058 952
P 6987 2 6680 588
P 7394 1 5747 182
P 5246 3 12613 368
P 7641 4 3648 59
P 5714 1 9550 813
P 7838 1 4235 54
P 7555 3 9864 644
P 5747 3 17229 70
P 6621 2 13011 641
P 7237 3 7169 902
P 5109 4 15933 426
P 6956 4 3819 401
P 6431 2 1957 620
P 5454 4 10643 319
P 6562 1 14185 326
P 7997 4 5366 947
P 7083 1 7088 369
P 5924 1 15482 502
P 5032 2 15214 982
P 5411 1 5811 952
P 7546 3 8508 182
P 6782 1 1767 368
P 7538 1 13898 59
P 7480 2 14259 813
P 7694 1 6710 54
P 6767 3 16282 644
P 7685 4 3045 70
P 5020 2 10125 641
P 5548 3 8905 902
P 7550 1 19464 426
P 6493 2 15529 401
P 7446 1 10030 620
P 5097 3 5004 319
P 6376 4 12184 326
P 5149 4 688 369
P 5662 3 18313 502
P 5482 4 7265 982
P 7941 3 19752 952
P 5424 2 8439 182
P 7955 2 18036 368
P 5379 4 11743 59
P 6334 2 417 813
P 6150 4 304 54
P 5667 1 15944 644
P 7962 1 13192 70
P 6265 4 14938 641
P 7081 2 11529 902
P 6624 1 6453 426
P 5184 3 18366 401
P 7053 1 2199 620
P 5240 3 18277 319
P 5908 1 11537 326
P 5114 3 16581 369
P 5926 4 19049 502
P 5059 1 15133 982
P 6052 3 13041 952
P 6700 3 3062 182
P 5698 2 18657 368
P 7535 3 870 59
P 7106 1 19119 813
P 6133 2 5523 54
P 7359 1 2251 644
P 6292 3 18780 902
P 5513 2 18627 426
P 7144 4 15010 401
P 7373 2 16165 620
P 6307 4 7386 319
P 5403 2 1462 326
P 6732 4 17010 369
P 5558 2 12166 502
P 5399 3 6856 982
P 7679 1 9080 952
P 7575 4 8571 182
P 6730 3 19364 368
P 5850 2 5031 813
P 7991 3 7523 54
P 6970 1 12370 644
P 6761 3 19502 902
P 5811 1 5245 426
P 7778 4 10769 401
P 6688 2 12895 620
P 5642 4 4486 319
P 6837 1 2781 326
P 5909 2 5076 369
P 5986 3 15068 502
P 5560 2 6472 982
P 7324 3 19671 952
P 7072 2 10318 182
P 7568 1 19129 368
P 6409 3 10407 813
P 5848 3 13112 54
P 7145 4 14540 644
P 7581 2 1533 902
P 5150 3 18876 426
P 7481 1 4965 401
P 5202 3 19858 620
P 7021 1 3148 319
P 5043 4 5314 326
P 5981 1 3605 369
P 7312 4 3535 502
P 5121 3 3045 982
P 6434 4 16685 952
P 7416 3 5278 182
P 6500 3 13672 368
P 5421 2 4016 813
P 6553 3 7194 54
P 5262 4 6985 644
P 6695 3 1601 902
P 6370 1 7732 426
P 7830 4 18953 401
P 7610 1 6710 620
P 6939 4 2331 319
P 5486 3 12857 326
P 7869 4 14390 369
P 5648 4 19515 502
P 6067 4 11879 982
P 5829 4 13007 952
P 7968 3 10006 182
P 7582 2 13219 368
P 7903 1 5154 813
P 6480 1 3330 54
P 7824 3 17138 644
P 5565 3 18574 902
P 7630 3 8779 426
P 7519 4 17257 401
P 5259 4 16035 620
P 7447 4 17492 319
P 7661 3 17978 326
P 7977 3 11660 369
P 5762 2 9639 502
P 6917 2 5240 982
P 5166 2 9683 952
P 5078 1 11220 182
P 6676 4 17613 368
P 6313 3 15549 813
P 6582 2 15307 54
P 7672 3 6914 644
P 6417 2 7556 902
P 6301 2 4033 426
P 6073 1 13338 401
P 5780 4 3835 620
P 5437 4 15235 319
P 6784 3 451 326
P 7748 3 2118 369
P 6712 3 14086 502
P 5971 4 3298 982
P 5732 3 5029 952
P 6429 3 6202 182
P 7969 4 2914 368
P 6010 2 17931 813
P 6337 1 3989 54
P 5225 3 5747 644
P 6616 1 7719 902
P 5758 3 7593 426
P 7504 3 289 401
P 5592 3 16651 620
P 7525 1 13281 319
P 5682 2 7813 326
P 5529 4 16493 369
P 6248 4 8979 502
P 6851 1 3808 982
P 6095 4 5651 952
P 5521 4 3683 182
P 5792 4 10723 368
P 5953 4 12048 813
P 5385 2 11904 54
P 7026 4 10958 644
P 5787 2 9643 902
P 7994 2 6861 426
P 7579 1 10051 401
P 5865 1 1240 620
P 7523 2 12764 319
P 5266 3 7337 326
P 5888 4 8190 369
P 5158 3 15714 952
P 6755 3 1032 368
P 6363 4 1123 813
P 7948 2 406 54
P 7278 2 12836 644
P 7255 1 12366 902
P 7257 4 3128 426
P 5547 3 9449 401
P 7574 4 15068 620
P 7260 4 1906 319
P 7702 2 14660 369
P 7063 3 13939 952
P 5180 3 7184 368
P 6753 3 15236 813
P 7871 1 2188 54
P 7859 4 15055 644
P 6900 2 691 902
P 6690 1 4377 426
P 6079 1 2479 401
P 6365 4 896 620
P 6342 4 17295 319
P 5063 3 11440 369
P 5217 1 13439 952
P 6756 1 14497 368
P 6870 4 6902 813
P 7034 4 6280 54
P 7877 2 6983 644
P 5313 4 6330 902
P 5144 1 15456 426
P 6748 3 270 401
P 7295 1 1564 620
P 7803 3 11268 319
P 6880 1 9536 369
P 5231 1 816 952
P 5314 4 11503 368
P 5657 1 9047 813
P 5107 3 973 54
P 7851 1 10116 644
P 6796 3 14839 902
P 7101 3 18916 426
P 7795 1 12780 401
P 7214 2 4721 620
P 6598 4 14231 319
P 7158 1 16351 369
P 5120 3 8940 952
P 5090 3 3555 368
P 7773 1 14375 813
P 5512 3 14457 54
P 6108 3 12285 644
P 6713 4 19312 902
P 7870 2 1913 401
P 6709 2 3436 620
P 7594 4 16808 369
P 6877 4 8391 952
P 5671 3 18561 368
P 6518 4 193 813
P 6984 2 514 54
P 6155 2 11260 902
P 6930 4 9634 401
P 5640 4 3442 620
P 7701 3 7603 369
P 7252 4 8080 952
P 7887 4 13762 368
P 5805 3 5828 813
P 7048 1 3285 54
P 7148 4 19838 902
P 6045 3 17341 401
P 5008 2 1288 620
P 6245 3 17041 369
P 7559 2 5854 952
P 7184 1 8581 368
P 5446 4 15606 54
P 6953 3 16427 401
P 7725 3 14510 620
P 6350 2 14498 369
P 7029 2 5702 952
P 7074 2 18117 368
P 7845 4 370 54
P 7713 2 1348 401
P 7926 1 18864 620
P 6433 2 18807 952
P 7012 3 5040 368
P 7822 4 8216 54
P 5766 3 8766 401
P 5514 3 18692 952
P 5346 3 4617 368
P 7384 1 7687 54
P 7508 4 15478 401
P 6615 1 19925 952
P 7280 4 16500 368
P 5343 2 11962 54
P 5812 1 1116 401
P 6509 1 10913 952
P 6614 1 736 368
P 7380 2 13060 54
P 5716 3 6964 401
P 6976 2 4196 952
P 5308 2 6535 54
A 5565 902
A 5072 620
A 7416 182
A 6301 426
A 7670 326
A 6984 54
A 7016 947
A 7661 326
A 6616 902
A 6851 982
A 7968 182
A 7873 70
A 6409 813
A 5662 502
A 5661 182
R 12771
R 10749
R 10398
R 12685
R 11991
R 10416
R 10208
R 11609
R 10019
R 11910
I 12771 6229
I 10749 5073
I 10398 5413
I 12685 5473
I 11991 5073
I 10416 6307
I 10208 5129
I 11609 7446
I 10019 7380
I 11910 5107
I 12771 5648
I 10749 7447
I 10398 6635
I 12685 6753
I 11991 7525
I 10416 5073
I 10208 5063
I 11609 7439
I 10019 7948
I 11910 7948
I 12771 6712
I 10749 7525
I 10398 6289
I 12685 6787
I 11991 5247
I 10416 7082
I 10208 6350
I 11609 6688
I 10019 5107
I 11910 7048
I 12771 6248
I 10749 5247
I 10398 7611
I 12685 6518
I 11991 5642
I 10416 7447
I 10208 5888
I 11609 6709
I 10019 6133
I 11910 6480
I 12771 5762
I 10749 6939
I 11991 7447
I 10416 7525
I 10208 5114
I 11609 5072
I 10019 7048
I 11910 6133
I 12771 7307
I 10749 5437
I 11991 5437
I 10416 5097
I 10208 5273
I 11609 7214
I 10019 6480
I 11910 5385
I 10749 5097
I 11991 5097
I 10416 5454
I 10208 7701
I 11609 6040
I 10019 5385
I 10749 6598
I 11991 5720
I 10416 5240
I 10208 5360
I 11609 7916
I 10749 5240
I 11991 6598
I 10416 5642
I 11609 7295
I 10749 5642
I 11991 5240
I 10416 5437
I 11609 7725
I 10749 5720
I 10416 6939
I 11609 7053
I 10416 5247
I 11609 7373
I 10416 7021
I 11609 7926
I 10416 7523
I 11609 5259
I 10416 6598
I 11609 7610
I 10416 5720
I 11609 6365
I 10416 7803
I 11609 7574
I 11609 5865
I 11609 5592
I 11609 6538
G 11991 12771 10749
G 12685 12685 11991
G 12685 10398 12685
G 12685 11910 10019
G 10208 12771 11910
G 11910 10208 10019
G 12771 10398 10749
G 10416 11991 10749
G 10416 12685 10749
G 10416 10416 10749
B 813 6787 6518 5850
B 70 7962 5704 7685
B 70 5747 7962 7245
B 319 6307 7803 6939
B 813 5850 6010 7106
B 952 7559 6615 6976
B 326 6837 5266 5403
B 952 5166 5829 6095
B 426 5513 6370 7994
B 982 5305 5971 6917
X
Y
Z 10749
