L 545
L 698
L 468
L 293
L 305
L 814
L 914
L 905
L 665
L 22
L 765
L 234
L 966
L 46
L 577
L 528
L 822
L 970
L 370
L 666
L 538
L 680
L 461
L 139
L 343
L 379
L 260
L 316
L 161
L 846
P 7096 1 9041 545
P 5711 3 3956 698
P 6833 2 4966 468
P 5466 2 3654 293
P 7838 4 237 305
P 6451 4 910 814
P 6429 4 10162 914
P 5621 3 14496 905
P 5256 4 10091 665
P 7928 1 18964 22
P 7475 4 17257 765
P 5474 3 8764 234
P 5111 1 9739 966
P 7117 3 17477 46
P 5928 4 5136 577
P 7982 1 5712 528
P 7722 4 5673 822
P 6576 3 1768 970
P 7853 2 16200 370
P 6877 1 8576 666
P 7585 4 18744 538
P 7930 3 5087 680
P 6603 3 8226 461
P 5363 3 7648 139
P 5798 1 11456 343
P 6199 3 9027 379
P 6870 4 9121 260
P 5847 2 11227 316
P 7299 2 13190 161
P 7060 3 3316 846
P 5933 2 364 545
P 7916 4 117 698
P 5493 2 6021 468
P 7407 4 1480 293
P 6728 3 18383 305
P 6423 4 2495 814
P 6264 1 7628 914
P 7800 4 14126 905
P 5276 4 9294 665
P 5771 4 9378 22
P 7490 1 2969 765
P 7553 4 18215 234
P 6653 4 1696 966
P 6892 4 13889 46
P 7324 1 16478 577
P 7483 1 14163 528
P 6124 2 13508 822
P 6790 4 4236 970
P 5992 3 9090 370
P 7106 2 1476 666
P 5455 4 16761 538
P 6712 3 12507 680
P 5659 3 8422 461
P 6476 2 1111 139
P 7432 2 3502 343
P 6992 2 16864 379
P 5743 1 9599 260
P 7282 3 8892 316
P 5794 4 6322 161
P 5097 3 1840 846
P 5090 1 9449 545
P 7558 2 13213 698
P 7978 1 10798 468
P 6195 4 11479 293
P 7396 2 6688 305
P 6067 3 4014 814
P 5959 1 11526 914
P 6305 3 13069 905
P 5061 3 17882 665
P 7020 3 1520 22
P 5341 3 663 765
P 6902 4 11083 234
P 6664 1 15859 966
P 5577 2 14990 46
P 7593 1 4913 577
P 7335 2 7323 528
P 6404 2 3561 822
P 5210 2 16342 970
P 6866 3 2793 370
P 7962 2 959 666
P 6663 2 16073 538
P 6100 4 2602 680
P 5032 4 17045 461
P 5995 1 1819 139
P 7325 3 7027 343
P 7717 1 11628 379
P 7937 4 442 260
P 7149 2 2074 316
P 5899 3 11706 161
P 5438 1 6118 846
P 5085 1 14779 545
P 6516 3 13325 698
P 5393 1 1332 468
P 7732 3 11300 293
P 7217 4 107 305
P 7204 3 6217 814
P 6068 1 4481 914
P 7002 1 13743 905
P 5558 2 467 665
P 6002 2 5592 22
P 6558 3 7600 765
P 5845 2 1403 234
P 6898 1 5531 966
P 7285 4 8846 46
P 7337 3 6571 577
P 7821 2 9091 528
P 7618 2 1743 822
P 6759 2 5472 970
P 7121 2 5677 370
P 6268 2 7606 666
P 5862 2 19222 538
P 7835 3 1873 680
P 5685 3 14064 461
P 7536 2 16603 139
P 7795 1 10066 343
P 7568 4 5229 379
P 6864 1 5027 260
P 5605 4 5114 316
P 7938 1 15181 161
P 5630 3 12403 846
P 5713 1 12012 545
P 5758 3 7944 698
P 5559 2 19011 468
P 6735 4 6780 293
P 5497 4 13794 305
P 6272 1 14154 814
P 7842 2 12938 914
P 5349 2 12616 905
P 5922 4 12054 665
P 6834 3 15864 22
P 6213 3 215 765
P 7453 2 7117 234
P 5154 4 14260 966
P 6897 3 2506 46
P 6500 3 2978 577
P 5281 4 15751 528
P 7667 4 13154 822
P 6702 1 1548 970
P 5757 2 18974 370
P 7118 2 15810 666
P 7705 1 1737 538
P 5107 2 18077 680
P 6838 4 14733 461
P 7079 2 6452 139
P 6955 2 16180 343
P 5386 4 3900 379
P 5227 4 19153 260
P 5039 3 3921 316
P 7808 4 5590 161
P 5282 4 11619 846
P 7549 2 9926 545
P 5657 1 9296 698
P 6114 3 6857 468
P 7541 1 5984 293
P 6384 4 5386 305
P 5583 1 10146 814
P 6997 2 40 914
P 7752 1 8736 905
P 7511 1 15139 665
P 6157 4 19207 22
P 5222 4 9685 765
P 6872 2 826 234
P 5506 3 6684 966
P 7560 4 5820 46
P 5445 3 5149 577
P 6984 1 6074 528
P 6797 2 8388 822
P 5071 2 996 970
P 6282 3 10715 370
P 6802 4 15215 666
P 6579 4 13050 538
P 6675 2 10135 680
P 6111 4 8469 461
P 5483 1 2801 139
P 6380 3 17827 343
P 6365 1 13681 379
P 7650 1 1023 260
P 5904 2 2186 316
P 5893 2 11498 161
P 7681 1 2527 846
P 6247 3 2839 545
P 7863 4 5570 698
P 6104 3 12549 468
P 5190 3 19976 293
P 5707 4 13615 305
P 5843 1 6477 814
P 6697 1 16126 914
P 7942 4 19962 905
P 5495 3 14342 665
P 5526 3 3510 22
P 6287 4 1803 765
P 6903 4 13286 234
P 5457 4 17927 966
P 5885 2 5272 46
P 7901 2 3440 577
P 6732 4 1456 528
P 7770 3 8867 822
P 5125 4 19807 970
P 5740 1 4207 370
P 7222 1 15042 666
P 5595 2 17449 538
P 5714 4 4257 680
P 6363 2 10172 461
P 5348 2 7668 139
P 7661 2 16981 343
P 5021 4 1156 379
P 6883 3 14215 260
P 5345 4 6924 316
P 5470 4 704 161
P 6983 1 19040 846
P 5925 1 18137 545
P 5917 2 17668 698
P 5492 1 3806 468
P 6151 2 17027 293
P 5686 3 2170 305
P 5807 1 212 814
P 6938 2 12298 914
P 7762 2 17533 905
P 5441 1 10247 665
P 7925 3 17735 22
P 5622 3 19768 765
P 5529 2 8432 234
P 5641 4 5291 966
P 7179 4 11041 46
P 6887 4 3709 528
P 7224 1 15214 822
P 7806 2 3816 970
P 5908 1 7866 370
P 6086 4 745 666
P 7745 1 16849 538
P 6727 3 16645 680
P 7506 2 5771 461
P 7283 2 8359 139
P 6005 2 1163 379
P 5915 3 7364 260
P 7249 1 6117 316
P 7170 4 14215 161
P 6846 3 8836 846
P 6614 1 18262 545
P 6970 2 11829 698
P 7338 4 3615 468
P 7981 3 7778 293
P 5244 2 19344 305
P 5864 4 4614 814
P 5900 4 4822 914
P 6046 2 12882 905
P 5944 2 3037 665
P 7392 3 14217 22
P 7774 2 1516 765
P 6929 4 7956 234
P 5215 4 8225 966
P 7877 1 13364 46
P 5553 2 19644 528
P 5437 1 6439 822
P 6914 4 11251 970
P 7655 4 10910 666
P 7652 1 328 680
P 7421 4 8670 461
P 5388 3 6860 139
P 7135 3 12430 379
P 6962 1 19604 260
P 6070 1 8058 316
P 5153 1 11907 161
P 6204 4 4075 846
P 6830 2 18906 545
P 5674 1 18606 698
P 6108 2 12025 468
P 7305 1 6276 293
P 7239 1 7237 305
P 7015 2 17760 814
P 6479 1 12129 905
P 6012 4 19126 665
P 5611 1 18255 22
P 7858 2 3805 765
P 6553 4 5952 234
P 7083 4 3647 966
P 5902 1 10625 46
P 5626 4 11259 528
P 7824 1 15104 822
P 5080 3 8769 970
P 6918 2 15315 666
P 7477 1 5047 461
P 7344 2 19544 139
P 7009 4 6552 379
P 5666 3 7391 260
P 6314 1 16308 316
P 7955 1 10327 161
P 7878 3 18328 846
P 5395 1 16713 545
P 6368 2 9888 698
P 7232 1 17647 468
P 6083 1 13159 293
P 7525 1 2431 305
P 6010 2 6023 814
P 7177 2 17149 905
P 6391 1 4182 665
P 5892 4 18092 22
P 6607 2 15338 765
P 7875 2 15689 234
P 5373 3 6262 966
P 5591 4 6970 46
P 6172 2 11407 528
P 5615 1 1536 822
P 5420 4 8085 970
P 7950 1 2262 666
P 7653 1 10773 461
P 6947 2 2084 139
P 5882 4 17433 379
P 5484 1 10832 260
P 7280 1 6167 316
P 5147 1 2730 161
P 7843 2 16401 846
P 5240 4 10226 545
P 5567 4 3039 698
P 7689 2 17156 468
P 6400 4 18501 293
P 7954 4 2277 305
P 6450 3 12700 814
P 5169 3 19008 905
P 6873 2 17590 665
P 7235 1 19850 22
P 7119 3 1269 765
P 5932 4 7054 234
P 6671 3 12737 966
P 5212 3 16670 46
P 6062 3 13504 528
P 5239 4 12772 822
P 6646 4 8153 970
P 6717 2 8705 666
P 6884 2 1663 461
P 7356 3 13598 139
P 5662 1 19336 379
P 6996 2 17844 260
P 6119 3 4970 316
P 6832 1 6022 161
P 6409 4 4952 846
P 7601 1 17900 545
P 6699 4 13021 698
P 7905 2 696 468
P 5989 3 6471 293
P 6448 4 3987 305
P 6292 4 17056 814
P 6403 2 5075 905
P 6015 1 6393 665
P 6922 3 3529 22
P 7700 2 1583 765
P 6258 1 5788 234
P 5624 1 11454 966
P 7984 2 8612 46
P 6940 4 16191 528
P 7592 4 16673 822
P 7161 3 2000 970
P 7485 4 16168 666
P 7395 2 8535 461
P 5672 3 16914 139
P 6501 3 17057 260
P 6601 4 6644 316
P 5671 3 4703 161
P 5874 4 18579 846
P 6718 4 6522 545
P 6796 2 8978 698
P 7999 3 15287 468
P 5329 3 4002 293
P 6439 1 13417 305
P 5753 2 15662 814
P 6800 2 860 905
P 5335 1 658 665
P 5724 4 4671 22
P 6609 4 14292 765
P 7424 3 583 234
P 5543 4 18763 46
P 5132 2 15678 528
P 6964 3 9755 822
P 5770 4 4697 970
P 7067 3 9363 666
P 7949 3 14769 461
P 6690 2 1840 139
P 6117 3 6715 260
P 5795 2 17081 316
P 7609 4 11601 846
P 6177 3 15319 545
P 5055 2 14485 698
P 6445 3 11448 468
P 7797 4 8538 293
P 5192 3 13907 305
P 5814 3 1460 814
P 6899 1 12550 905
P 6069 3 6437 665
P 5890 1 12121 22
P 5304 4 3887 765
P 7011 2 19634 234
P 7602 2 9237 46
P 5832 1 13496 528
P 7550 2 3057 822
P 7444 3 5098 970
P 6308 4 2664 666
P 5537 2 18411 461
P 6029 3 2998 139
P 7281 3 12262 260
P 6494 2 6048 316
P 7158 1 5613 846
P 7433 2 3450 545
P 5679 3 6214 698
P 6636 3 18630 468
P 7165 1 10386 293
P 6267 4 17820 305
P 6408 4 8030 814
P 5997 4 9101 905
P 5512 4 8661 665
P 6191 2 5131 22
P 7427 3 704 765
P 5912 4 7520 234
P 5089 4 19973 46
P 6505 3 15021 528
P 6246 1 17105 822
P 7848 1 14730 970
P 7375 2 14296 666
P 7636 1 16027 461
P 5343 3 3359 139
P 7967 3 7273 260
P 7326 4 6557 316
P 5091 4 7173 846
P 7476 1 19370 545
P 5746 2 6219 698
P 6896 4 5611 468
P 6593 1 9971 293
P 5286 4 13434 305
P 5446 1 10773 814
P 7964 4 16103 905
P 6808 4 17318 665
P 7850 2 19736 22
P 5042 4 9482 765
P 6704 2 8193 234
P 7505 1 12411 46
P 7856 1 3739 528
P 7472 4 9922 822
P 6418 4 13072 970
P 7320 4 17473 666
P 6142 4 2092 461
P 7242 3 2675 139
P 5449 2 1194 260
P 7870 2 3566 316
P 6721 1 11870 846
P 7546 2 19560 545
P 7871 2 16804 698
P 5625 2 698 468
P 5131 1 12359 293
P 6549 3 6051 305
P 6527 2 4935 814
P 5185 4 17566 905
P 7909 1 2510 665
P 5163 2 16927 22
P 5734 1 14509 765
P 5998 3 7331 234
P 7966 1 662 46
P 7003 4 6917 528
P 6626 2 18995 822
P 5034 4 15787 666
P 5195 2 3027 461
P 6458 2 12697 139
P 6815 3 19291 260
P 5801 3 10899 846
P 5633 2 5907 545
P 7624 3 9635 468
P 6370 3 3085 305
P 6484 4 6485 814
P 6602 4 5436 905
P 6180 4 8918 665
P 7832 2 3503 22
P 7352 1 8947 765
P 5835 2 10362 234
P 7603 1 18074 46
P 7851 4 588 528
P 5231 3 9040 822
P 5555 1 14971 666
P 5232 3 3963 461
P 5280 2 3425 139
P 5462 2 3071 260
P 6378 1 14800 846
P 6090 3 2263 545
P 6765 3 12370 468
P 6569 2 657 305
P 5509 1 4010 814
P 5999 2 6181 905
P 5320 3 3384 665
P 5538 2 17659 22
P 6804 4 13081 765
P 7189 1 14081 234
P 7398 3 18804 46
P 5673 1 13923 528
P 7998 2 17011 822
P 7572 1 15830 666
P 6112 2 7060 461
P 6369 4 4370 260
P 5867 2 2501 846
P 7461 2 18458 545
P 5133 2 13455 468
P 5362 2 4356 305
P 7137 4 3241 814
P 7646 2 18225 905
P 6861 3 8753 665
P 7187 3 859 765
P 7412 2 1776 46
P 7660 2 16083 528
P 6411 1 6049 822
P 7071 2 10089 666
P 7277 4 845 461
P 6269 2 15415 260
P 6640 1 9602 846
P 7365 2 10735 545
P 7445 1 4403 468
P 6023 2 18039 305
P 5817 1 1314 814
P 7442 4 9944 905
P 6440 4 18806 665
P 5486 4 1125 765
P 6373 3 16970 46
P 6186 3 5330 822
P 5587 3 2717 461
P 6542 1 3457 846
P 7216 1 16366 545
P 6529 1 6066 468
P 5389 3 2146 305
P 5448 3 1254 905
P 5852 3 2080 665
P 7921 1 1290 765
P 7420 4 144 822
P 5690 2 12337 461
P 7481 3 11487 846
P 7298 2 10385 545
P 7366 3 11946 468
P 6589 3 8757 305
P 6578 2 19361 905
P 7807 1 19852 665
P 7164 2 19853 765
P 6174 1 2291 822
P 5442 3 15750 846
P 6453 1 912 545
P 7387 2 1827 468
P 6351 4 16415 305
P 5670 3 8980 905
P 7021 4 16831 665
P 7367 4 15297 765
P 7882 3 9046 822
P 5074 3 14424 846
P 5676 4 19117 545
P 5927 3 6757 468
P 7804 1 5984 905
P 6764 2 19841 665
P 7632 1 7711 765
P 7634 1 11969 822
P 6616 4 2548 846
P 6299 2 11859 545
P 5007 1 13335 468
P 6567 2 19784 905
P 7508 1 15371 665
P 5261 1 19073 765
P 7276 4 18719 846
P 5853 3 18894 468
P 6302 4 11539 905
P 7409 2 10393 665
P 7719 4 16816 765
P 7720 3 17379 846
P 7130 4 11061 468
P 6554 2 8612 665
P 7815 1 2362 665
A 6282 370
A 5676 545
A 7305 293
A 6704 234
A 5470 161
A 5758 698
A 5386 379
A 7396 305
A 7324 577
A 7335 528
A 6391 665
A 6699 698
A 7705 538
A 6378 846
A 6589 305
R 11408
R 10391
R 10978
R 11073
R 11329
R 10570
R 12398
R 10499
R 11698
R 12999
R 11263
R 12751
R 10916
R 11523
R 11500
R 12139
R 10344
R 10873
R 12640
R 10430
R 12829
R 11396
R 11435
R 10763
R 10260
R 11184
R 12776
R 10929
R 10850
R 10758
R 11353
R 10839
R 11108
R 11319
R 10362
R 11955
R 12554
R 10749
R 12788
R 12513
R 11348
R 10117
R 12233
R 12252
R 12100
R 11155
R 11785
R 12488
R 10217
R 11334
R 10560
R 10326
R 11561
R 11676
R 11133
R 11764
R 11427
R 12106
R 11752
R 12955
R 12774
R 12039
R 11804
R 12528
R 12244
R 11708
R 11599
R 11911
R 10276
R 10797
R 12843
R 10646
R 12226
R 12958
R 10437
R 12545
R 11432
R 11801
R 10184
R 12945
R 10898
R 11780
R 10497
R 11610
R 11659
R 11606
R 11791
R 12524
R 12934
R 10496
R 12159
R 10208
R 11051
R 10399
R 10169
R 11374
R 10455
R 11341
R 11768
R 11324
I 11408 6373
I 10391 6384
I 10978 5147
I 11073 5892
I 11329 7235
I 10570 5448
I 12398 5244
I 10499 7356
I 11698 7806
I 12999 5900
I 11263 7285
I 12751 6062
I 10916 6735
I 11523 6363
I 11500 7916
I 12139 5147
I 10344 6002
I 10873 6114
I 12640 6765
I 10430 6802
I 12829 7909
I 11396 7320
I 11435 7838
I 10763 7235
I 10260 6542
I 11184 7937
I 12776 7842
I 10929 6549
I 10850 7135
I 10758 7877
I 11353 5153
I 10839 6314
I 11108 5483
I 11319 7824
I 10362 7285
I 11955 7877
I 12554 6119
I 10749 7871
I 12788 5908
I 12513 5154
I 11348 5080
I 10117 5131
I 12233 7170
I 12252 6124
I 12100 6117
I 11155 6902
I 11785 7020
I 12488 6400
I 10217 5605
I 11334 7242
I 10560 6997
I 10326 5885
I 11561 7797
I 11676 5843
I 11133 5438
I 11764 7119
I 11427 5512
I 12106 6554
I 11752 7444
I 12955 7982
I 12774 6884
I 12039 6704
I 11804 6002
I 12528 6846
I 12244 7453
I 11708 6199
I 11599 5904
I 11911 6922
I 10276 7285
I 10797 6898
I 12843 7453
I 10646 7632
I 12226 7821
I 12958 6796
I 10437 6029
I 12545 7653
I 11432 6067
I 11801 7632
I 10184 6458
I 12945 7392
I 10898 5999
I 11780 5227
I 10497 6046
I 11610 7285
I 11659 5999
I 11606 6872
I 11791 6902
I 12524 7453
I 12934 7984
I 10496 5466
I 12159 6759
I 10208 6272
I 11051 7344
I 10399 5227
I 10169 5847
I 11374 5457
I 10455 6549
I 11341 7719
I 11768 6861
I 11324 5908
I 11408 7966
I 10391 6370
I 10978 5893
I 11073 6191
I 11329 7020
I 10570 7646
I 12398 6549
I 10499 5672
I 11698 6576
I 12999 6938
I 11263 7984
I 12751 5673
I 10916 6593
I 11523 5232
I 11500 5657
I 12139 5899
I 10344 7020
I 10873 6445
I 12640 5559
I 10430 7320
I 12829 6012
I 11396 6308
I 11435 6728
I 10763 7925
I 10260 7481
I 11184 7281
I 12776 6068
I 10929 5192
I 10850 5882
I 10758 6373
I 11353 7955
I 10839 5345
I 11108 7356
I 11319 7634
I 10362 6373
I 11955 5543
I 12554 5847
I 10749 6699
I 12788 6866
I 12513 5111
I 11348 7806
I 10117 6735
I 12233 7955
I 12252 7634
I 12100 5915
I 11155 7453
I 11785 6834
I 12488 7541
I 10217 5904
I 11334 7283
I 10560 5959
I 10326 7966
I 11561 6735
I 11676 5817
I 11133 7481
I 11764 6804
I 11427 7511
I 12106 5512
I 11752 6759
I 12955 6732
I 12774 5537
I 12039 7011
I 11804 5771
I 12528 6409
I 12244 7011
I 11708 5021
I 11599 6494
I 11911 5771
I 10276 7603
I 10797 6671
I 12843 5912
I 10646 5042
I 12226 6732
I 12958 6699
I 10437 5483
I 12545 6884
I 11432 7137
I 11801 6558
I 10184 7536
I 12945 5890
I 10898 7804
I 11780 5743
I 10497 7964
I 11610 5902
I 11659 6302
I 11606 6903
I 11791 5474
I 12524 6704
I 12934 6892
I 10496 5989
I 12159 5071
I 10208 7204
I 11051 7356
I 10399 5462
I 10169 5345
I 11374 5215
I 10455 5707
I 11341 7858
I 11768 5061
I 11324 5992
I 11408 5591
I 10391 6439
I 10978 7170
I 11073 5163
I 11329 6157
I 10570 5997
I 12398 7217
I 10499 6029
I 11698 6418
I 12999 7842
I 11263 6373
I 12751 6887
I 10916 6083
I 11523 6838
I 11500 5746
I 12139 5893
I 10344 7925
I 10873 6636
I 12640 6636
I 10430 7106
I 12829 5495
I 11396 7375
I 11435 5707
I 10763 5611
I 10260 7060
I 11184 6962
I 12776 6429
I 10929 6569
I 10850 7568
I 10758 6892
I 11353 7170
I 10839 6494
I 11108 7536
I 11319 7472
I 10362 7966
I 11955 5902
I 12554 5605
I 10749 5055
I 12788 7121
I 12513 6898
I 11348 6702
I 10117 7305
I 12233 5153
I 12252 7722
I 12100 6269
I 11155 5845
I 11785 6191
I 12488 6593
I 10217 7282
I 11334 7536
I 10560 6938
I 10326 5902
I 11561 6151
I 11676 7015
I 11133 5867
I 11764 7490
I 11427 7508
I 12106 7511
I 11752 5080
I 12955 5553
I 12774 7636
I 12039 5845
I 11804 6834
I 12528 6983
I 12244 7424
I 11708 7135
I 11599 7282
I 11911 5163
I 10276 5591
I 10797 5624
I 12843 7011
I 10646 7119
I 12226 7982
I 12958 5917
I 10437 6458
I 12545 7277
I 11432 5843
I 11801 5222
I 10184 5343
I 12945 7850
I 10898 7442
I 11780 7937
I 10497 5448
I 11610 7179
I 11659 7762
I 11606 7424
I 11791 5912
I 12524 5474
I 12934 5577
I 10496 6195
I 12159 5125
I 10208 7137
I 11051 6458
I 10399 6117
I 10169 5605
I 11374 5624
I 10455 7217
I 11341 6804
I 11768 7807
I 11324 6866
I 11408 5902
I 10391 5244
I 10978 6832
I 11073 7928
I 11329 6922
I 10570 5999
I 12398 7396
I 10499 6458
I 11698 7848
I 12999 6997
I 11263 7117
I 12751 6940
I 10916 7797
I 11523 7395
I 11500 7863
I 12139 7955
I 10344 6922
I 10873 5393
I 10430 7572
I 12829 7508
I 11396 7106
I 11435 6448
I 10763 7020
I 10260 5867
I 11184 5915
I 12776 5959
I 10929 5686
I 10850 7009
I 10758 5543
I 10839 7149
I 11108 7242
I 11319 7618
I 10362 5591
I 11955 6373
I 12554 6494
I 10749 7863
I 12788 7853
I 12513 5506
I 11348 6759
I 10117 6593
I 12233 7808
I 12252 5239
I 12100 6870
I 11155 5912
I 11785 7925
I 12488 5131
I 10217 6314
I 11334 7079
I 10560 5900
I 10326 5212
I 11561 6400
I 11676 6527
I 11764 6607
I 11427 6554
I 12106 7909
I 11752 5210
I 12955 7335
I 12774 7277
I 12039 6929
I 11804 7235
I 12528 5438
I 12244 5998
I 11599 7870
I 11911 7235
I 10276 7984
I 12843 6553
I 10646 7719
I 12226 7335
I 12958 5657
I 10437 7356
I 11432 6272
I 11801 7427
I 10184 5348
I 12945 6002
I 10898 5349
I 11780 6269
I 10497 7942
I 11610 7603
I 11659 5349
I 11606 6553
I 11791 6704
I 12524 7011
I 12934 7505
I 10496 5131
I 12159 7444
I 10208 5814
I 11051 6029
I 10399 6269
I 10169 6119
I 11374 6664
I 10455 5192
I 11341 7367
I 11768 6069
I 11324 7121
I 11408 7505
I 10391 5686
I 10978 7955
I 11073 5890
I 10570 6602
I 12398 5686
I 11698 5071
I 12999 6068
I 11263 5591
I 12751 6505
I 10916 6400
I 11523 7477
I 11500 5917
I 12139 7170
I 10344 5611
I 10873 5007
I 10430 5034
I 12829 5061
I 11396 6918
I 10763 6002
I 10260 6983
I 11184 6117
I 12776 6938
I 10929 5362
I 10850 6005
I 10758 7603
I 10839 5795
I 11108 7283
I 11319 7722
I 10362 7877
I 11955 7603
I 12554 7282
I 10749 5657
I 12788 5992
I 12513 6671
I 10117 6400
I 12252 7882
I 12100 6996
I 11155 5474
I 11785 5163
I 12488 6151
I 10217 6494
I 11334 5388
I 10560 6068
I 10326 7603
I 11561 6083
I 11676 5753
I 11764 5261
I 11427 5061
I 12106 5276
I 11752 6790
I 12955 6940
I 12774 6112
I 12039 6902
I 11804 5163
I 12528 7720
I 12244 6704
I 11599 5345
I 11911 7925
I 10276 5212
I 12843 6872
I 10646 7367
I 12226 6887
I 12958 6970
I 10437 5672
I 11432 6010
I 11801 7700
I 10184 6476
I 12945 5771
I 10898 5997
I 11780 6870
I 10497 7804
I 11610 5885
I 11659 7752
I 11606 6929
I 11791 7424
I 12524 5912
I 12934 7603
I 10496 6735
I 12159 6790
I 10208 5817
I 11051 5672
I 10399 6962
I 10169 5795
I 11374 5111
I 10455 5362
I 11768 6440
I 11324 7853
I 11408 7603
I 10391 6728
I 10978 5470
I 11073 6834
I 10570 6302
I 12398 5362
I 11698 6914
I 12999 6429
I 11263 7966
I 12751 7982
I 10916 7541
I 11523 5032
I 11500 7558
I 12139 5470
I 10344 5163
I 10873 6104
I 10430 7962
I 12829 6440
I 11396 7222
I 10763 6834
I 10260 5097
I 11184 5484
I 10929 7838
I 10850 7717
I 10758 5577
I 10839 5605
I 11108 6458
I 11319 6246
I 10362 6892
I 11955 7505
I 12554 5345
I 10749 5711
I 12513 5215
I 10117 6083
I 12252 6246
I 12100 5227
I 11155 7424
I 11785 7928
I 12488 7305
I 10217 7149
I 11334 7344
I 10560 7842
I 10326 5591
I 11561 5989
I 11676 6010
I 11764 5222
I 11427 6069
I 12106 6861
I 11752 6646
I 12955 6887
I 12774 6603
I 12039 5912
I 11804 7925
I 12528 7481
I 12244 5932
I 11599 5605
I 11911 5892
I 10276 7179
I 12843 5845
I 10646 6804
I 12226 6940
I 12958 7558
I 10437 7344
I 11432 5814
I 11801 5486
I 10184 5280
I 12945 6157
I 10898 6602
I 11780 7650
I 10497 5997
I 11610 5591
I 11659 5997
I 11606 5835
I 11791 7011
I 12524 6929
I 12934 5591
I 10496 7305
I 12159 6702
I 10208 5843
I 10399 6870
I 10169 6494
I 11374 6653
I 10455 6448
I 11768 5256
I 11408 5212
I 10391 6549
I 10978 7808
I 11073 7235
I 10570 7177
I 12398 6569
I 11698 5125
I 12999 5959
I 11263 7505
I 12751 7335
I 10916 6195
I 11523 6884
I 11500 7871
I 12139 7938
I 10344 5890
I 10873 6896
I 10430 7071
I 12829 5512
I 11396 6877
I 10763 5163
I 10260 5074
I 11184 5462
I 10929 7217
I 10850 5662
I 10758 7984
I 11108 6690
I 11319 6124
I 10362 7179
I 11955 5591
I 12554 7149
I 10749 5746
I 12513 5624
I 10117 5466
I 12252 6411
I 12100 7937
I 11155 6258
I 11785 6157
I 12488 5466
I 10217 5345
I 11334 5483
I 10560 6429
I 10326 7505
I 11561 7732
I 11676 6484
I 11764 5734
I 11427 5256
I 12106 7508
I 11752 5125
I 12955 7821
I 12774 5032
I 11804 7020
I 12528 5630
I 12244 6553
I 11599 7326
I 11911 7020
I 10276 5089
I 12843 5474
I 10646 7490
I 12226 6062
I 12958 6516
I 10437 7079
I 11432 5817
I 11801 7490
I 10184 5483
I 12945 6922
I 10898 7177
I 11780 5915
I 10497 6602
I 11610 5543
I 11659 6479
I 11606 5912
I 11791 5845
I 12524 5845
I 12934 5902
I 10496 6151
I 12159 5080
I 10208 6408
I 10399 7281
I 10169 7149
I 11374 5154
I 10455 5244
I 11768 5512
I 11408 7984
I 10391 7217
I 10978 5153
I 11073 7020
I 10570 6046
I 12398 6589
I 11698 6759
I 11263 7603
I 12751 5281
I 10916 7305
I 11523 6111
I 11500 6699
I 12139 7808
I 10344 7392
I 10873 7130
I 10430 7222
I 12829 5852
I 11396 7118
I 10763 6157
I 10260 7878
I 11184 7650
I 10929 6448
I 10850 6199
I 10758 5212
I 11108 5388
I 11319 5239
I 10362 7117
I 11955 7179
I 12554 6314
I 10749 5917
I 12513 6664
I 10117 6151
I 12252 7472
I 12100 5462
I 11155 6704
I 11785 5771
I 12488 6083
I 10217 5795
I 11334 6476
I 10326 5577
I 11561 6195
I 11676 6423
I 11764 7352
I 11427 7807
I 12106 5852
I 11752 6702
I 12955 5132
I 12774 5587
I 11804 5611
I 12528 5867
I 12244 6929
I 11599 7149
I 11911 6002
I 10276 5885
I 12843 6903
I 10646 7858
I 12226 5132
I 12958 7863
I 11432 6450
I 11801 7858
I 10184 5388
I 12945 7235
I 10898 5169
I 11780 5462
I 10497 6302
I 11610 5212
I 11659 7942
I 11606 6704
I 11791 6872
I 12524 6872
I 12934 7966
I 10496 7797
I 12159 6914
I 10208 6484
I 10399 5743
I 10169 7282
I 11374 6898
I 10455 7838
I 11768 7511
I 11408 5885
I 10391 6589
I 11073 7850
I 10570 7762
I 12398 6267
I 11698 5080
I 11263 6892
I 12751 6984
I 10916 5466
I 11523 5195
I 11500 5055
I 12139 5153
I 10344 6157
I 10873 5559
I 10430 7655
I 12829 5944
I 11396 7067
I 10763 6922
I 10260 7720
I 11184 5227
I 10929 6728
I 10850 5021
I 10758 7505
I 11108 7344
I 11319 7420
I 10362 7984
I 11955 5885
I 12554 5795
I 10749 7558
I 12513 6653
I 10117 7541
I 12100 5743
I 11155 7011
I 11785 5724
I 10217 5847
I 11334 6458
I 10326 6373
I 11561 6593
I 11676 6408
I 11764 5486
I 11427 5944
I 12106 5944
I 11752 6576
I 12955 5281
I 12774 7653
I 11804 6157
I 12528 5097
I 12244 5474
I 11599 6314
I 11911 7392
I 10276 7398
I 12843 5835
I 12226 5281
I 12958 5055
I 11432 5807
I 11801 5042
I 10184 7079
I 12945 6834
I 10898 7762
I 10497 7762
I 11610 5577
I 11659 6800
I 11606 5998
I 11791 6929
I 12524 6902
I 12934 5543
I 10496 6593
I 12159 5210
I 10208 7015
I 10399 5915
I 10169 5904
I 11374 6671
I 10455 6728
I 11768 5944
I 11408 5577
I 10391 7838
I 11073 5771
I 10570 5349
I 12398 7838
I 11698 6646
I 11263 5577
I 12751 7660
I 10916 5131
I 11523 7653
I 11500 6970
I 12139 6832
I 10344 6834
I 10873 6108
I 10430 6877
I 12829 6554
I 11396 7962
I 10260 7276
I 11184 6996
I 10929 5707
I 10758 5089
I 11108 5343
I 11319 5437
I 10362 5212
I 11955 5577
I 12554 5904
I 10749 6796
I 12100 7650
I 11155 5998
I 11785 5538
I 10217 6119
I 11334 6947
I 11561 7541
I 11676 5807
I 11764 7858
I 11427 6861
I 12106 6069
I 11752 7806
I 11804 6922
I 12244 5845
I 11599 5795
I 11911 6157
I 10276 7117
I 12843 7424
I 12226 5553
I 12958 5711
I 11432 7015
I 11801 7164
I 10184 6947
I 12945 5163
I 10898 5621
I 10497 7646
I 11610 7984
I 11659 6567
I 11606 6258
I 12524 7424
I 12934 7179
I 10496 6400
I 12159 5420
I 10208 5807
I 10399 6815
I 10169 6314
I 11374 5506
I 10455 6569
I 10391 6448
I 11073 7925
I 10570 7752
I 12398 7525
I 11698 5210
I 11263 7179
I 12751 5132
I 10916 6151
I 11523 5659
I 11500 6796
I 10344 7850
I 10873 7387
I 10430 7067
I 12829 6861
I 11396 7572
I 10260 6409
I 11184 6870
I 10758 7117
I 11108 6476
I 11319 6626
I 10362 5089
I 11955 7984
I 10749 7916
I 12100 7281
I 11155 6929
I 11785 7832
I 11334 5348
I 11561 7305
I 11676 5814
I 11764 7164
I 11427 6440
I 12106 5061
I 11752 6914
I 12244 5835
I 11599 5847
I 11911 5890
I 10276 7602
I 12843 5998
I 12958 6368
I 11432 7204
I 11801 7352
I 10184 6029
I 12945 5611
I 10898 7964
I 10497 6800
I 11610 6373
I 11659 5448
I 11606 5845
I 12934 7117
I 10496 7541
I 12159 7806
I 10208 6423
I 10399 5484
I 10455 5686
I 10391 6569
I 11073 7832
I 10570 7804
I 12398 6439
I 11698 6702
I 11263 5212
I 12751 6732
I 10916 5989
I 11523 5587
I 11500 5711
I 10344 5771
I 10873 6765
I 10430 7485
I 12829 7511
I 11396 5034
I 10260 6721
I 11184 7967
I 10758 5591
I 11108 5995
I 11319 6174
I 10362 7505
I 11955 5089
I 10749 6970
I 12100 6962
I 11155 6872
I 11785 7235
I 11334 7356
I 11561 5131
I 11764 6213
I 12106 6440
I 12244 5912
I 11599 7280
I 11911 7850
I 10276 7560
I 12843 6704
I 12958 5679
I 11432 6484
I 11801 7119
I 10184 7283
I 12945 5892
I 10497 5169
I 11610 6892
I 11659 7646
I 11606 7453
I 12934 7285
I 10496 6083
I 12159 6646
I 10208 6010
I 10399 7937
I 10391 6023
I 11073 5611
I 10570 7942
I 12398 6728
I 11698 7444
I 11263 5543
I 12751 5626
I 11523 6603
I 10344 7235
I 10873 5493
I 12829 5276
I 11396 6717
I 10260 5438
I 11184 5743
I 10758 5902
I 11108 7079
I 11319 6964
I 10362 5577
I 11955 7966
I 12100 6815
I 11785 5890
I 11334 5672
I 11561 5466
I 11764 7719
I 12106 5256
I 12244 6258
I 11599 6119
I 11911 6834
I 10276 7877
I 12843 6929
I 12958 7871
I 11432 5753
I 11801 5734
I 10184 6690
I 12945 5538
I 10497 5621
I 11610 7966
I 11659 6602
I 11606 7011
I 12934 6373
I 12159 6576
I 10208 6527
I 10399 6996
I 10391 5362
I 11073 6002
I 10570 5621
I 12398 6370
I 11698 6790
I 11263 5885
I 12751 5553
I 11523 7949
I 10873 7445
I 12829 6069
I 11396 7485
I 10260 5091
I 11184 6269
I 10758 7285
I 11108 5672
I 11319 7882
I 10362 5885
I 11955 6892
I 12100 5484
I 11785 6002
I 11334 6029
I 11764 7700
I 12106 7807
I 12244 6872
I 11911 5611
I 10276 6373
I 12843 6902
I 12958 5746
I 11432 6423
I 11801 6804
I 10184 7242
I 12945 7925
I 10497 6567
I 11610 7877
I 11659 6046
I 11606 5474
I 12934 5885
I 12159 6418
I 10208 5753
I 10399 7650
I 10391 5707
I 11073 6922
I 10570 7964
I 12398 5389
I 11698 5420
I 11263 5089
I 12751 5832
I 11523 7277
I 10873 5927
I 12829 5256
I 11396 6802
I 10260 5630
I 11184 6815
I 10758 7398
I 11108 6947
I 11319 6411
I 10362 5902
I 11955 7285
I 11785 7392
I 11764 6558
I 12244 6902
I 10276 7505
I 12843 6258
I 12958 7916
I 11432 6451
I 11801 5261
I 10184 5995
I 12945 7020
I 10497 5999
I 11610 5089
I 11659 7177
I 11606 6902
I 12934 5089
I 10391 7396
I 11073 7392
I 10570 6800
I 12398 5192
I 11263 7877
I 12751 7821
I 11523 6142
I 10873 7232
I 12829 5558
I 11396 7950
I 10260 6846
I 10758 5885
I 11108 6029
I 10362 5543
I 11955 5212
I 11785 5892
I 11764 5042
I 12244 6903
I 10276 5543
I 12958 5567
I 11432 6408
I 11801 7367
I 10184 7356
I 10497 7442
I 11610 7505
I 11659 7442
I 12934 5212
I 10391 6267
I 11073 5538
I 10570 6479
I 12398 6384
I 11263 5902
I 12751 7856
I 11523 6112
I 12829 7807
I 11396 6268
I 10758 7966
I 11108 5348
I 10362 7603
I 11785 7850
I 11764 7632
I 10276 6892
I 11432 5446
I 11801 7719
I 10184 7344
I 10497 7177
I 11610 7117
I 11659 7804
I 12934 7877
I 10391 7525
I 11073 6157
I 10570 5169
I 12398 6023
I 12751 6172
I 11523 7636
I 12829 6764
I 11396 7655
I 10758 7179
I 11785 5611
I 11764 7427
I 10276 5577
I 11432 6527
I 11801 6213
I 10184 5672
I 10497 7752
I 11659 7964
I 10391 5192
I 10570 6567
I 12398 6448
I 12751 7483
I 11523 5537
I 12829 5335
I 11396 7071
I 11785 6922
I 11764 7367
I 10276 7966
I 10497 5349
I 11659 5169
I 10570 7442
I 12398 5707
I 11523 5690
I 12829 6873
I 10276 5902
I 11659 5621
G 12999 12751 12776
G 10455 11408 10391
G 10169 10455 10391
G 10797 11768 12829
G 10560 11155 12999
G 10260 10499 11108
G 11780 11606 11184
G 11319 12252 10850
G 12829 11698 11348
G 10978 10978 12139
B 666 7118 6717 7375
B 814 6451 6423 6484
B 305 6549 6267 6448
B 461 5537 7421 5195
B 234 6902 6872 7189
B 905 5670 7442 6302
B 260 6870 5915 6962
B 914 6264 7842 6938
B 545 6614 5933 7546
B 680 6675 6727 5107
X
Y
Z 12774
