L 409
L 413
L 922
L 523
L 411
L 255
L 684
L 346
L 748
L 903
L 520
L 599
L 872
L 122
L 652
L 205
L 403
L 663
L 72
L 904
L 174
L 737
L 85
L 805
L 488
L 446
L 943
L 108
L 340
L 553
L 928
L 901
L 773
L 999
L 217
L 440
L 271
L 961
L 397
L 64
L 725
L 827
L 772
L 331
L 317
L 833
L 313
L 947
L 215
L 836
P 7056 3 6231 409
P 5981 2 12272 413
P 5969 2 18802 922
P 5633 2 8359 523
P 7593 1 15294 411
P 5128 2 10812 255
P 5404 2 12563 684
P 6059 4 4476 346
P 5084 3 19528 748
P 7078 1 2520 903
P 5001 3 12641 520
P 5526 3 10803 599
P 6359 2 9941 872
P 7294 4 5947 122
P 6938 3 10587 652
P 7459 4 2469 205
P 5472 3 8169 403
P 5563 4 19526 663
P 5244 1 13284 72
P 6302 1 19815 904
P 6315 2 4557 174
P 5537 1 121 737
P 6757 1 16151 85
P 6131 4 14064 805
P 6921 4 13643 488
P 7929 4 2285 446
P 5731 3 11653 943
P 7632 2 18721 108
P 6044 2 8548 340
P 7456 2 7866 553
P 6322 2 18486 928
P 5101 1 8116 901
P 7034 4 5452 773
P 5098 1 2576 999
P 5321 3 9062 217
P 5179 3 13811 440
P 6732 3 6669 271
P 6205 4 7264 961
P 6200 1 17942 397
P 7126 4 9346 64
P 6689 4 8060 725
P 7184 3 1401 827
P 6393 3 4125 772
P 5308 1 12012 331
P 7839 2 18671 317
P 5581 4 7712 833
P 7197 1 9567 313
P 7779 2 12392 947
P 6412 3 16958 215
P 7686 1 6417 836
P 6352 4 6004 409
P 5954 4 10715 413
P 6480 4 18968 922
P 6001 1 14973 523
P 6235 4 17244 411
P 7327 1 8464 255
P 7085 2 7241 684
P 6366 4 15950 346
P 5825 1 7879 748
P 6912 2 4083 903
P 6002 2 17683 520
P 5243 1 12064 599
P 7961 1 6924 872
P 7717 1 7315 122
P 5958 2 19003 652
P 5768 3 6505 205
P 7635 1 9605 403
P 7228 4 18028 663
P 6178 1 766 72
P 5837 4 5845 904
P 6286 2 18784 174
P 5959 2 12881 737
P 5558 1 3993 85
P 6452 4 10135 805
P 5527 2 11986 488
P 5033 2 9149 446
P 5859 2 8011 943
P 7755 3 3378 108
P 6738 3 7010 340
P 6172 1 16491 553
P 5680 1 5212 928
P 5473 2 17689 901
P 7570 2 6102 773
P 6021 4 9446 999
P 5892 1 15466 217
P 5771 3 1487 440
P 7271 1 18410 271
P 5503 1 6544 961
P 6492 1 8869 397
P 6219 1 19354 64
P 7211 3 19348 725
P 6930 1 5589 827
P 7235 2 11494 772
P 6553 3 1806 331
P 7776 1 19301 317
P 7108 1 293 833
P 6018 4 14967 313
P 7474 3 11641 947
P 6382 4 10198 215
P 7920 3 7449 836
P 7746 1 4233 409
P 6898 4 8509 413
P 7009 1 8768 922
P 5570 4 551 523
P 5796 2 5980 411
P 6859 4 17845 255
P 7107 4 11490 684
P 7324 2 17827 346
P 5743 2 19895 748
P 5478 4 14355 903
P 5299 1 17224 520
P 6609 3 2164 599
P 5115 2 12565 872
P 7997 4 5520 122
P 6141 2 12314 652
P 6439 4 13496 205
P 5450 2 10770 403
P 6045 1 8710 663
P 7309 2 15514 72
P 6464 4 19661 904
P 6068 1 12094 174
P 7551 1 11194 737
P 5093 4 12226 85
P 5123 4 9276 805
P 6576 1 15845 488
P 7973 2 17829 446
P 6281 3 461 943
P 6686 1 7840 108
P 6979 2 17637 340
P 7298 1 833 553
P 7033 2 5460 928
P 5489 4 1134 901
P 6106 2 19974 773
P 7155 4 9842 999
P 7191 4 3270 217
P 5125 3 5656 440
P 6687 1 4124 271
P 6878 3 8583 961
P 5296 2 11699 397
P 7480 3 5885 64
P 7074 3 9732 725
P 7369 4 3002 827
P 5109 1 3300 772
P 5400 3 13497 331
P 6008 2 2039 317
P 7649 4 10634 833
P 5787 2 7904 313
P 6915 3 4557 947
P 7904 3 6256 215
P 5688 3 18679 836
P 5665 3 14370 409
P 6113 2 17207 413
P 7638 3 7375 922
P 5371 1 14896 523
P 7541 2 18716 411
P 6865 3 7627 255
P 5868 1 1593 684
P 7296 4 12565 346
P 7417 1 14611 748
P 6354 1 5487 903
P 6277 2 13671 520
P 7612 2 15911 599
P 6737 2 15359 872
P 5479 3 5682 122
P 7141 2 18707 652
P 5013 2 8433 205
P 5409 4 17206 403
P 6846 2 13737 663
P 7420 1 3524 72
P 7274 1 4252 904
P 5912 2 3992 174
P 5729 3 9755 737
P 6181 4 1926 85
P 7752 2 4181 805
P 5374 3 13594 488
P 6271 2 5939 446
P 7027 1 4060 943
P 6047 3 3223 108
P 6840 1 10777 340
P 6535 3 8864 553
P 7302 4 13285 928
P 7272 3 5446 901
P 6935 1 13851 773
P 5104 3 9744 999
P 7169 1 747 217
P 6202 2 19796 440
P 6460 2 2800 271
P 6167 2 8955 961
P 6380 3 8119 397
P 7358 4 16176 64
P 5140 3 13573 725
P 6708 2 10880 827
P 5329 3 19527 772
P 5332 4 3367 331
P 6288 3 1800 317
P 7158 4 18947 833
P 7121 3 14401 313
P 6985 4 10510 947
P 6389 1 4202 215
P 6782 3 3181 836
P 5380 2 843 409
P 6248 2 12896 413
P 6896 2 13310 922
P 6519 3 19813 523
P 7630 3 18651 411
P 7125 4 2279 255
P 6230 1 5681 684
P 6105 3 18973 346
P 6976 3 17488 748
P 5006 3 18707 903
P 6800 4 15330 520
P 7348 2 5630 599
P 7167 2 18705 872
P 5819 1 12039 122
P 6652 3 16208 652
P 6808 2 6010 205
P 6605 3 4858 403
P 6826 3 8442 663
P 5619 4 12558 72
P 5000 2 17735 904
P 5254 3 1939 174
P 5884 1 10824 737
P 5525 4 4052 85
P 5193 4 19298 805
P 7414 1 8927 488
P 7008 4 6591 446
P 7216 2 1279 943
P 7320 2 15260 108
P 7346 3 8468 340
P 6944 4 4665 553
P 6956 4 9208 928
P 7353 1 8602 901
P 7120 3 54 773
P 5927 4 7973 999
P 7017 4 2101 217
P 6066 3 8734 440
P 5379 3 3642 271
P 5071 1 17534 961
P 7845 1 9145 397
P 7571 1 7377 64
P 5816 2 4378 725
P 5401 3 12541 827
P 5559 4 19967 772
P 6509 3 6402 331
P 6430 4 13487 317
P 7244 1 16870 833
P 6545 3 3773 313
P 6397 4 17536 947
P 5272 3 14042 215
P 5889 1 17647 836
P 5331 4 8333 409
P 6084 3 2961 413
P 6923 2 8228 922
P 6666 2 12734 523
P 7473 2 6343 411
P 5888 1 19536 255
P 6122 3 13419 684
P 7520 3 12588 346
P 7578 1 868 748
P 5453 4 19465 903
P 5447 1 17420 520
P 6461 1 12478 599
P 7922 1 18259 872
P 6306 2 4429 122
P 5655 1 2819 652
P 7730 2 15631 205
P 7364 1 11610 403
P 7880 3 3752 663
P 7351 3 8898 72
P 5054 4 1605 904
P 5805 4 2627 174
P 6458 4 5041 737
P 5392 3 16444 85
P 5493 4 17501 805
P 7522 3 10308 488
P 6425 2 15165 446
P 5929 2 1773 943
P 7329 1 14525 108
P 7616 4 5154 340
P 6489 4 16590 553
P 5640 3 16027 928
P 7048 2 5641 901
P 6922 3 16761 773
P 7502 2 4980 999
P 7579 3 2843 217
P 7432 1 107 440
P 7515 4 1473 271
P 7199 4 17786 961
P 7762 3 8735 397
P 7381 4 2121 725
P 6095 1 7701 827
P 6144 4 18617 772
P 7011 3 8632 331
P 7623 3 9063 317
P 7127 2 4189 833
P 7813 3 15689 313
P 7359 2 11878 947
P 6046 2 12033 836
P 7398 3 11534 409
P 6724 2 11064 413
P 6849 3 6554 922
P 6448 2 2293 411
P 5790 1 4613 255
P 7377 1 331 684
P 5635 4 19941 346
P 5246 3 1943 748
P 6796 1 3024 903
P 5302 3 8621 520
P 5793 1 18201 599
P 6136 2 18328 872
P 7389 2 11296 122
P 5568 3 13456 652
P 6463 4 721 205
P 7790 3 4433 403
P 6662 1 5297 663
P 6349 1 6938 72
P 6543 3 7729 904
P 6999 2 4668 174
P 7835 1 10737 737
P 5105 1 7695 85
P 5706 1 4466 805
P 5605 4 5015 488
P 7784 4 1348 446
P 7678 2 1732 943
P 5855 3 12908 108
P 7885 2 18134 340
P 5074 1 4082 553
P 5953 3 17852 928
P 6362 3 18437 901
P 5509 4 10899 773
P 7727 3 6434 999
P 7427 2 11605 217
P 5753 1 10362 440
P 6409 4 10465 271
P 6353 4 696 961
P 7683 2 6097 397
P 7622 2 3880 725
P 7268 3 13009 827
P 6214 4 17940 772
P 6774 3 17790 331
P 6586 2 12647 317
P 7514 1 6990 833
P 5094 3 18530 313
P 7625 3 13001 947
P 6787 3 14742 836
P 7507 3 13662 409
P 5872 3 6754 413
P 7340 2 11475 922
P 6098 2 8742 411
P 5695 2 15731 255
P 6357 2 15960 684
P 7809 3 7000 346
P 7178 2 10927 748
P 5330 4 5388 903
P 7810 1 6538 520
P 5424 4 5217 599
P 7246 2 2733 872
P 5228 1 12157 122
P 6541 3 10757 652
P 5014 4 12860 205
P 5277 4 6084 403
P 7719 4 16437 663
P 5988 3 4456 72
P 6316 4 3473 904
P 5679 4 13396 174
P 6313 4 15463 737
P 7861 3 527 805
P 5206 2 9954 488
P 7849 3 19003 446
P 6663 2 6861 943
P 6176 2 19403 108
P 7769 1 2228 340
P 6488 4 17555 553
P 6550 4 6209 928
P 7080 3 6113 901
P 6544 2 18472 773
P 7175 4 4394 999
P 6390 1 6955 217
P 7215 3 4512 440
P 5312 4 19440 271
P 6596 2 1792 961
P 7865 4 6782 397
P 6768 2 500 725
P 5221 4 2727 827
P 5968 4 4377 772
P 5487 3 16519 331
P 6442 1 6501 317
P 6773 3 4009 833
P 7557 1 19818 313
P 7305 1 11143 947
P 5062 2 8916 836
P 7354 3 913 409
P 6972 4 16085 413
P 5089 4 9034 922
P 7007 4 13429 411
P 5533 1 13730 255
P 7768 3 15206 684
P 5902 1 15815 346
P 5311 4 13261 748
P 5696 4 19281 903
P 7927 4 5977 520
P 6419 2 14400 599
P 7301 2 2817 872
P 5339 3 9864 122
P 7311 4 18739 652
P 5419 3 7873 205
P 7227 4 19707 403
P 7062 3 2507 663
P 7930 3 4003 904
P 7134 3 10512 174
P 6364 1 6471 737
P 5352 1 8056 488
P 7395 4 10557 446
P 7767 3 5171 943
P 7949 3 5007 108
P 6224 4 10718 340
P 6917 1 3663 553
P 7677 2 12940 928
P 6850 3 1996 901
P 5642 1 4772 773
P 7036 2 2935 999
P 7986 2 15087 217
P 6658 3 1192 440
P 5730 2 2132 271
P 7574 2 9706 961
P 7356 3 11047 397
P 5377 2 10659 725
P 5789 3 19715 827
P 6312 3 11802 772
P 6185 4 6074 331
P 6521 4 8100 317
P 5689 3 3164 833
P 5799 2 6719 313
P 5989 3 5750 947
P 6520 4 14473 836
P 5127 4 17675 409
P 5864 1 14778 413
P 6486 4 5037 922
P 5448 1 5381 411
P 5139 3 11270 255
P 7241 2 19824 684
P 6588 4 1537 346
P 5456 2 3889 748
P 5351 2 18350 903
P 5765 1 2085 520
P 6318 1 12778 599
P 7664 2 18329 872
P 5298 4 15955 122
P 6342 2 11208 652
P 7584 2 2529 205
P 6062 4 4888 403
P 5560 1 13562 663
P 7306 4 14009 904
P 6902 4 5434 174
P 5315 4 11704 737
P 7946 2 13458 488
P 7670 1 4988 446
P 7659 3 14890 943
P 5741 3 5972 108
P 7736 2 735 340
P 7587 1 10250 553
P 6465 2 15877 928
P 5367 2 12221 901
P 5897 2 19975 773
P 5040 1 8910 999
P 5933 2 2457 217
P 5852 2 12742 440
P 6854 1 2537 271
P 6680 2 72 961
P 6514 2 18505 397
P 5023 1 3081 827
P 5719 3 11924 772
P 7680 4 2352 331
P 6571 4 13725 317
P 5210 2 321 833
P 6324 2 15901 313
P 6273 3 5639 947
P 5531 2 15970 836
P 7714 2 3021 409
P 6063 3 15063 413
P 6418 2 1010 922
P 5137 4 5228 411
P 6328 3 10900 255
P 7734 2 12120 684
P 7413 4 16978 346
P 7539 2 2313 748
P 7852 4 16529 903
P 7300 1 18790 520
P 6311 2 3615 599
P 5993 4 5250 872
P 5833 3 8399 122
P 6671 4 15807 652
P 5348 1 6093 205
P 5714 3 5576 403
P 6491 2 10336 663
P 6344 3 6384 904
P 5155 2 12135 174
P 6212 2 2851 737
P 7004 1 7088 488
P 5231 2 7038 446
P 7778 1 771 108
P 5513 3 14269 340
P 6901 1 2094 553
P 6264 1 11706 928
P 7968 1 24 901
P 7698 2 8375 773
P 5592 4 7642 999
P 6620 1 12882 217
P 6310 2 2222 440
P 6191 4 19047 271
P 6148 4 16247 961
P 5164 2 15465 397
P 5552 2 15591 827
P 6309 2 15548 772
P 7525 2 6412 331
P 7447 3 17083 317
P 6396 4 14104 833
P 6931 4 16118 313
P 5511 2 14333 947
P 7123 3 18532 836
P 7096 1 7040 409
P 5482 4 10196 413
P 6965 2 5661 922
P 7066 4 10246 411
P 5858 2 13445 684
P 6166 2 19301 346
P 5755 4 8244 903
P 6124 3 2593 520
P 6816 3 6329 599
P 5907 1 7875 872
P 6242 4 15942 122
P 5324 2 17755 652
P 7976 4 7073 205
P 7517 4 2628 403
P 5718 3 2630 663
P 7996 4 4515 904
P 5185 4 12365 737
P 6617 3 9346 488
P 6457 4 712 446
P 7057 3 14440 340
P 6119 1 10580 553
P 7022 3 16290 928
P 6836 4 69 901
P 5808 4 12453 773
P 5970 1 7664 999
P 7681 4 16212 217
P 5924 2 14590 440
P 5313 3 18358 271
P 5026 3 17516 961
P 7552 4 13325 397
P 6954 2 18243 827
P 6347 4 12715 772
P 7516 1 2483 331
P 6023 3 1161 317
P 7137 1 16582 833
P 5866 4 4608 313
P 5936 3 7976 947
P 6395 2 8372 836
P 6285 4 15484 409
P 7980 1 14554 413
P 5615 1 17084 922
P 5915 1 17430 411
P 6874 3 6642 684
P 5514 4 5262 903
P 5370 3 901 520
P 6920 4 18425 599
P 7295 2 359 872
P 7662 4 12391 122
P 5842 4 14440 652
P 5269 3 6796 205
P 6265 3 14005 403
P 7238 2 19552 663
P 6803 3 14014 904
P 6294 3 15401 737
P 6177 2 9994 488
P 7528 2 4468 446
P 7219 3 7233 340
P 5502 3 11009 553
P 5423 2 1062 928
P 5779 4 14519 901
P 6180 4 6376 773
P 7071 2 16613 999
P 6160 1 7512 217
P 5165 1 3914 440
P 5653 2 9611 271
P 5050 2 6788 961
P 6889 4 9150 397
P 5463 2 8312 772
P 5340 3 2150 331
P 6007 2 13647 317
P 5295 4 19524 833
P 6966 1 11007 313
P 7545 1 8706 947
P 5187 4 18424 836
P 7270 2 10382 409
P 5470 4 9637 413
P 5572 1 5943 922
P 6164 4 14657 411
P 7187 3 4726 684
P 7172 1 15330 903
P 7053 2 17432 520
P 7209 3 8458 599
P 5333 2 11191 872
P 6998 3 2412 652
P 6252 1 8515 205
P 5601 3 10072 403
P 6549 3 8302 663
P 7139 1 4385 904
P 6247 2 15306 737
P 7014 4 4826 488
P 5600 3 18347 446
P 5610 3 8410 340
P 7257 1 6646 553
P 6818 2 14613 928
P 5675 3 7177 901
P 6238 4 19341 773
P 5053 4 13216 999
P 7076 1 6459 217
P 5021 2 13376 440
P 5247 1 8326 271
P 7530 2 16789 961
P 7918 4 11490 397
P 7642 2 559 772
P 7878 2 14579 331
P 5962 1 4735 317
P 7795 1 8151 833
P 6718 1 15242 313
P 6051 4 18507 836
P 7956 1 3278 409
P 5541 4 12562 413
P 5287 2 2659 411
P 6795 4 16790 684
P 7100 3 14115 903
P 5045 3 13465 520
P 6138 3 13064 599
P 6700 3 6108 872
P 5460 4 17249 205
P 7393 1 3895 403
P 6345 3 1779 663
P 6225 1 6002 904
P 7817 1 10068 737
P 7818 3 7017 488
P 7118 1 2111 446
P 7458 1 6615 340
P 6262 2 2019 553
P 6387 2 14567 928
P 6499 4 6004 901
P 7212 4 8342 773
P 6805 1 9508 999
P 5851 1 1145 217
P 7713 4 10042 440
P 6325 1 12996 271
P 7090 3 18373 961
P 6866 1 11792 397
P 6516 3 6946 772
P 6026 3 5561 331
P 5801 4 4470 317
P 5923 4 5359 833
P 6426 4 12175 313
P 5292 2 4925 836
P 7620 1 2937 409
P 7362 1 16863 413
P 6753 2 18065 411
P 6435 1 16515 684
P 6679 4 1193 903
P 7264 2 11024 520
P 5285 3 9156 599
P 5049 1 8273 872
P 6453 1 360 205
P 7439 1 17110 403
P 7242 2 14924 663
P 5883 3 14050 904
P 7540 4 1922 488
P 5235 2 10538 446
P 7073 2 650 340
P 6282 2 519 553
P 5951 2 14722 928
P 6498 1 13986 901
P 7179 4 4741 773
P 6916 1 8266 999
P 6348 4 19101 217
P 6433 2 18349 440
P 6408 3 12778 271
P 5240 2 14451 961
P 6151 2 14744 397
P 6703 3 7055 772
P 5994 3 13839 331
P 5306 4 7429 317
P 7384 2 3191 833
P 7436 1 12871 313
P 5814 2 14886 836
P 6215 1 14760 409
P 5602 3 17332 413
P 6394 3 7211 411
P 6557 1 9760 684
P 7189 1 11893 903
P 7218 3 15613 520
P 5746 1 15937 599
P 6371 3 5716 872
P 6928 1 12591 205
P 6165 4 7683 403
P 5750 1 17862 663
P 7830 3 5479 904
P 7728 1 5477 488
P 5429 4 6489 446
P 6086 1 6365 340
P 6118 3 14249 553
P 7240 3 17663 928
P 5890 3 16247 901
P 5107 2 6427 773
P 7543 2 18132 999
P 6955 3 8454 217
P 5153 2 13412 440
P 7350 2 204 271
P 7397 4 11058 961
P 5671 4 19823 397
P 6693 1 9181 772
P 6982 3 2453 317
P 6847 3 10768 833
P 7479 2 5497 313
P 5740 3 10575 409
P 5710 3 7564 413
P 7399 3 6771 411
P 7573 3 17830 684
P 5752 4 7024 903
P 6948 2 7225 520
P 5875 3 10903 599
P 5961 4 13298 872
P 7650 3 10240 205
P 7782 3 18671 403
P 5252 3 18045 904
P 6504 4 17192 488
P 5154 2 17197 446
P 5449 1 3179 340
P 5387 2 6549 553
P 5782 2 16710 928
P 5980 2 885 901
P 6573 1 13231 999
P 5258 3 9168 440
P 7615 4 19743 271
P 7303 2 13242 961
P 5621 4 8902 397
P 7783 2 7728 772
P 7287 1 3074 317
P 6417 4 10782 833
P 6199 4 11972 313
P 6284 2 1663 409
P 6159 1 19178 413
P 6694 1 7112 411
P 6683 3 11338 684
P 5742 1 6188 903
P 7116 4 7749 520
P 5362 3 17239 599
P 5546 2 8150 872
P 7082 2 18664 403
P 7751 3 12364 904
P 5637 1 10433 488
P 7950 3 1371 446
P 5869 1 1025 340
P 5909 2 17809 553
P 6533 1 19981 928
P 6807 2 15806 901
P 5861 1 7642 999
P 6090 1 11480 440
P 7829 1 3488 271
P 7957 3 15116 961
P 6369 3 9466 397
P 7054 2 14965 772
P 7232 3 8717 317
P 5704 4 13207 313
P 6570 3 4546 409
P 5736 2 11543 413
P 5940 2 15734 411
P 7231 4 10250 684
P 6830 1 8901 903
P 5760 3 16114 520
P 5966 1 12522 599
P 5986 3 11928 872
P 6735 4 1861 403
P 6121 1 18563 904
P 6472 1 5442 446
P 7870 1 2572 553
P 7842 2 5393 928
P 6970 4 9843 901
P 7222 2 16612 999
P 5773 2 17940 440
P 7609 1 887 961
P 5554 4 14906 772
P 6259 1 17164 317
P 7555 3 11832 313
P 6469 1 16596 409
P 6642 1 13941 413
P 7690 2 8504 684
P 6101 1 5592 903
P 7254 4 1778 599
P 6635 4 19642 872
P 5087 2 826 403
P 5286 3 1894 904
P 7748 3 4851 446
P 7831 4 3053 553
P 5204 3 16169 928
P 6606 3 1567 901
P 7312 2 5798 999
P 7263 2 3896 440
P 7015 4 14500 961
P 6055 2 18636 772
P 6010 1 14023 317
P 6036 2 1346 313
P 6903 1 241 409
P 6130 1 9591 413
P 5209 4 7698 684
P 7710 1 7408 903
P 7815 1 8290 599
P 5556 2 7350 872
P 5483 2 3591 904
P 5080 3 16664 446
P 6087 2 8509 553
P 5590 4 18593 928
P 7308 3 9172 901
P 5515 4 953 999
P 5248 3 11371 440
P 5794 2 12473 961
P 7471 3 6480 317
P 7899 4 18968 313
P 7147 2 218 409
P 6057 2 14199 413
P 7111 2 2255 684
P 5233 1 8586 903
P 6969 1 7043 599
P 6327 3 9702 872
P 6614 4 10476 904
P 6762 3 4676 553
P 6120 3 19148 928
P 5785 2 3041 901
P 6692 1 6858 999
P 7643 1 11774 440
P 6804 1 14901 961
P 6875 4 778 317
P 6651 4 7619 313
P 6647 3 5540 409
P 6664 4 1398 413
P 5749 2 1186 903
P 6085 3 17857 872
P 6078 3 4156 904
P 5806 4 1016 928
P 5048 4 15079 901
P 7919 2 15633 999
P 7106 4 13406 440
P 5275 1 16256 961
P 5273 2 4155 317
P 6049 4 4171 313
P 5435 4 19273 409
P 7248 1 9927 413
P 5826 1 6620 903
P 6882 1 3176 872
P 5391 1 7996 904
P 7485 4 8109 928
P 5838 3 8424 901
P 5769 3 17340 440
P 6040 1 18263 961
P 6767 2 14806 317
P 6641 1 10074 409
P 5042 1 12536 413
P 6584 2 4598 903
P 5596 3 4889 872
P 5011 4 7607 904
P 5508 2 17247 928
P 7781 4 591 440
P 6216 2 4559 961
P 5620 1 8083 317
P 6949 2 17004 409
P 5437 3 2786 413
P 7586 3 15965 903
P 6470 2 2017 872
P 5982 4 5343 904
P 7164 3 8163 928
P 6267 3 10349 440
P 7891 2 15148 961
P 7844 3 6854 317
P 7087 2 8141 409
P 7840 1 3422 413
P 6350 1 2918 903
P 5438 2 6371 872
P 5544 2 12394 928
P 7405 1 12224 440
P 5955 1 16885 317
P 5566 1 175 409
P 6149 3 8021 872
P 5421 3 9206 928
P 5237 3 13480 928
A 5855 108
A 6689 725
A 5438 872
A 6001 523
A 7840 413
A 5105 85
A 7746 409
A 5859 943
A 6288 317
A 7520 346
A 7305 947
A 7502 999
A 5718 663
A 7752 805
A 6976 748
R 12620
R 12956
R 10687
R 11711
R 12761
R 12120
R 12842
R 11196
R 10254
R 12440
R 11899
R 10877
R 12510
R 11670
R 12376
R 12243
R 11191
R 10333
R 10462
R 12789
R 12931
R 11332
R 12027
R 10044
R 11589
R 12920
R 10347
R 11032
R 11934
R 11675
I 12620 7520
I 12956 5137
I 10687 6318
I 11711 7184
I 12761 7036
I 12120 5098
I 12842 7218
I 11196 6516
I 10254 5537
I 12440 6264
I 11899 7630
I 10877 7555
I 12510 6172
I 11670 7362
I 12376 7107
I 12243 5287
I 11191 7525
I 10333 6898
I 10462 5308
I 12789 6435
I 12931 5460
I 11332 7540
I 12027 7287
I 10044 6397
I 11589 5094
I 12920 7240
I 10347 7783
I 11032 5730
I 11934 6426
I 11675 5570
I 12620 6588
I 12956 7630
I 10687 6969
I 11711 5023
I 12761 5098
I 12120 7222
I 12842 5045
I 11196 7054
I 10254 6364
I 12440 7677
I 11899 5940
I 10877 6324
I 12510 6917
I 11670 5541
I 12376 5404
I 12243 5940
I 11191 6509
I 10333 6972
I 10462 5340
I 12789 5868
I 12931 6252
I 11332 5374
I 12027 7447
I 10044 7359
I 11589 7813
I 12920 5421
I 10347 6693
I 11032 7350
I 11934 6545
I 11675 5633
I 12620 6366
I 12956 5915
I 10687 5746
I 11711 5401
I 12761 6021
I 12120 5861
I 12842 5302
I 11196 7783
I 10254 5959
I 12440 5953
I 11899 6098
I 10877 6426
I 12510 6901
I 11670 6972
I 12376 6557
I 12243 7473
I 11191 5308
I 10333 5042
I 10462 7878
I 12789 7231
I 12931 7730
I 11332 6504
I 12027 5962
I 10044 7305
I 11589 7555
I 12920 5544
I 10347 6214
I 11032 6687
I 11934 6018
I 11675 6666
I 12620 7324
I 12956 7593
I 10687 5526
I 12761 6916
I 12120 7036
I 12842 5001
I 11196 5329
I 10254 6313
I 12440 5951
I 11899 5137
I 10877 5094
I 12510 6762
I 11670 6642
I 12376 7111
I 12243 6753
I 11191 5340
I 10333 6248
I 10462 6774
I 12789 5404
I 12931 5014
I 11332 6576
I 12027 5955
I 10044 7625
I 11589 6426
I 12920 5806
I 10347 7235
I 11032 7515
I 11934 5799
I 12620 7809
I 12956 7473
I 10687 6311
I 12761 7312
I 12120 5515
I 12842 5447
I 11196 7642
I 10254 6212
I 12440 7240
I 11899 7473
I 10877 7813
I 12510 6262
I 11670 6130
I 12376 5858
I 12243 6235
I 11191 7011
I 10333 6159
I 10462 7525
I 12789 7111
I 12931 6453
I 11332 5527
I 12027 7776
I 10044 5936
I 11589 6545
I 12920 7842
I 10347 6309
I 11032 6191
I 11934 7557
I 12620 6059
I 12956 6694
I 10687 6816
I 12761 7175
I 12120 6021
I 12842 5370
I 11196 5968
I 10254 6247
I 12440 7022
I 11899 6694
I 10877 7436
I 12510 6087
I 11670 5470
I 12376 7734
I 12243 5915
I 11191 7680
I 10333 5710
I 10462 7516
I 12789 6230
I 12931 6439
I 11332 7004
I 12027 7844
I 10044 7779
I 11589 6966
I 12920 5951
I 10347 6144
I 11032 6460
I 11934 7813
I 12956 5796
I 10687 5875
I 12761 5515
I 12120 7312
I 12842 7810
I 11196 6214
I 10254 5729
I 12440 6533
I 11899 5796
I 12510 5074
I 11670 5042
I 12376 6683
I 12243 5796
I 11191 5487
I 10333 6130
I 10462 5487
I 12789 7085
I 12931 6808
I 11332 5206
I 12027 6288
I 10044 7474
I 11589 7436
I 12920 7033
I 10347 5109
I 11032 6408
I 11934 6966
I 12956 5287
I 10687 6419
I 12761 6692
I 12120 7071
I 12842 7927
I 11196 5554
I 10254 5315
I 12440 7164
I 11899 7593
I 12510 7870
I 12376 7377
I 12243 7593
I 11191 7878
I 10333 6642
I 10462 7011
I 12789 7734
I 12931 6463
I 11332 7728
I 12027 6007
I 10044 7545
I 11589 6324
I 12920 5640
I 10347 7642
I 11032 6325
I 11934 5704
I 12956 6235
I 10687 5285
I 12761 5861
I 12120 6916
I 12842 6948
I 11196 6055
I 10254 7835
I 12440 7485
I 11899 6164
I 12510 5502
I 12376 6230
I 11191 5400
I 10333 7362
I 10462 6509
I 12789 5858
I 12931 7650
I 11332 5637
I 12027 6442
I 10044 6915
I 12920 6956
I 10347 6516
I 11032 7829
I 11934 7436
I 12956 5940
I 10687 7348
I 12761 7919
I 12120 7543
I 12842 5765
I 11196 7235
I 10254 5884
I 12440 6465
I 11899 7066
I 12510 7298
I 12376 7231
I 11191 6026
I 10333 6113
I 10462 7680
I 12789 6683
I 12931 5269
I 11332 7818
I 12027 6586
I 10044 5511
I 12920 7164
I 10347 5719
I 11032 5653
I 11934 7555
I 12956 6394
I 10687 7612
I 12761 7071
I 12120 5927
I 12842 6277
I 11196 5463
I 10254 6458
I 12440 5237
I 11899 5915
I 12510 5387
I 12376 6795
I 11191 6774
I 10333 5602
I 10462 6026
I 12789 7690
I 12931 7584
I 11332 5605
I 12027 5620
I 10044 6985
I 12920 6465
I 10347 7054
I 11032 7271
I 11934 5094
I 12956 6164
I 10687 5966
I 12120 5053
I 12842 6800
I 11196 6393
I 10254 6294
I 12440 5806
I 11899 5287
I 12510 6535
I 12376 5868
I 10333 5470
I 10462 5400
I 12789 7768
I 12931 7459
I 11332 6177
I 12027 5273
I 12920 7677
I 10347 6393
I 11032 6732
I 11934 6931
I 12956 7066
I 10687 5793
I 12120 6692
I 12842 5299
I 11196 5559
I 10254 7817
I 12440 6120
I 11899 6235
I 12510 6489
I 12376 6357
I 10333 7248
I 12789 7187
I 12931 5348
I 11332 6617
I 12027 7839
I 12920 5953
I 10347 6055
I 11032 5313
I 11934 7121
I 12956 6098
I 10687 7254
I 12120 7502
I 12842 7053
I 11196 6703
I 10254 7551
I 12440 5421
I 11899 6394
I 12510 5909
I 12376 7187
I 10333 5541
I 12789 6795
I 12931 5419
I 11332 7014
I 12027 7623
I 12920 5237
I 10347 5329
I 11934 6036
I 12956 6753
I 10687 7209
I 12120 5592
I 12842 6124
I 11196 5109
I 12440 5204
I 11899 6753
I 12510 6118
I 12376 7768
I 10333 6084
I 12789 6874
I 12931 5768
I 11332 6921
I 12027 6430
I 12920 6120
I 10347 5559
I 11934 6324
I 10687 6138
I 12120 7175
I 12842 7116
I 11196 6312
I 12440 5640
I 12510 7456
I 12376 6874
I 12789 6557
I 12931 5013
I 11332 7522
I 12027 6875
I 12920 6264
I 10347 5968
I 10687 5243
I 12120 7919
I 12842 7300
I 11196 6693
I 12440 7033
I 12510 7257
I 12376 6435
I 12789 7107
I 11332 7414
I 12027 6008
I 12920 7022
I 10347 6703
I 10687 6920
I 12842 5760
I 11196 6144
I 12440 6956
I 12510 7831
I 12376 7690
I 11332 7946
I 12027 5801
I 12920 7485
I 10347 5554
I 10687 5424
I 12842 7264
I 11196 6309
I 12440 5544
I 12510 6944
I 12376 7085
I 12920 5204
I 11196 5719
I 12440 7842
I 12510 6488
G 12027 12027 12620
G 10687 12027 12920
G 12120 11670 12761
G 11899 12027 12956
G 12620 12027 10462
G 12620 10877 11589
G 12620 10254 11196
G 10347 11670 11196
G 10044 11670 10333
G 12931 11332 10687
B 346 6105 7413 6588
B 217 7986 6348 7076
B 773 6922 5509 5107
B 271 6408 6460 6191
B 85 5525 5558 6757
B 901 5473 7308 5101
B 836 5889 5187 6782
B 961 6148 6596 5275
B 684 7187 6795 7734
B 108 6047 6686 7778
X
Y
Z 11675
