L 991
L 885
L 630
L 423
L 987
L 39
L 986
L 337
L 911
L 636
L 172
L 966
L 874
L 503
L 847
L 351
L 244
L 486
L 763
L 988
L 211
L 562
L 448
L 25
L 979
L 704
L 195
L 547
L 15
L 729
L 159
L 78
L 273
L 535
L 342
L 676
L 308
L 552
L 387
L 652
L 249
L 70
L 212
L 527
L 834
L 559
L 91
L 925
L 9
L 927
P 7430 3 2532 991
P 6427 4 7123 885
P 7348 1 8430 630
P 5185 4 6622 423
P 5588 4 13210 987
P 7070 2 11706 39
P 7642 1 265 986
P 6556 4 2526 337
P 6279 3 17101 911
P 7087 1 9008 636
P 6144 3 9690 172
P 6193 2 7348 966
P 6357 2 14253 874
P 7240 1 4299 503
P 7835 4 9320 847
P 7640 1 14481 351
P 7017 1 13184 244
P 6637 3 16608 486
P 5932 3 15581 763
P 6375 4 16540 988
P 6434 1 4250 211
P 5453 2 12050 562
P 6935 1 5483 448
P 6311 3 16489 25
P 7557 2 2491 979
P 5239 2 10521 704
P 5045 4 14964 195
P 5875 3 4476 547
P 6497 2 3434 15
P 5047 2 6359 729
P 6990 1 1402 159
P 6671 3 15332 78
P 6876 2 7310 273
P 6767 1 17769 535
P 7993 1 7690 342
P 6771 1 16149 676
P 7582 3 10162 308
P 5194 2 3820 552
P 5613 1 9904 387
P 5976 1 5812 652
P 5993 3 3226 249
P 7958 3 10410 70
P 6610 3 16668 212
P 5012 3 13497 527
P 7604 2 5022 834
P 6925 1 1581 559
P 6133 2 15434 91
P 6613 1 7644 925
P 6227 2 4050 9
P 5594 4 13054 927
P 7400 3 12000 991
P 6845 4 17784 885
P 6478 3 19782 630
P 7054 3 15136 423
P 7822 3 14685 987
P 5528 1 8617 39
P 5325 3 6051 986
P 6797 3 4179 337
P 5097 3 18824 911
P 6891 2 17392 636
P 6694 4 15945 172
P 5692 1 19536 966
P 7811 1 16973 874
P 6116 2 12714 503
P 7767 4 3449 847
P 6286 2 19516 351
P 5101 2 6602 244
P 6521 1 8410 486
P 5052 4 16292 763
P 5670 1 10174 988
P 6132 2 17384 211
P 6410 1 11948 562
P 6978 2 14532 448
P 6280 1 3769 25
P 5223 1 2731 979
P 5759 1 13621 704
P 7434 1 18919 195
P 5982 2 4643 547
P 7727 1 1023 15
P 5834 2 7500 729
P 7920 2 7440 159
P 7182 2 3854 78
P 6833 3 7988 273
P 5811 4 17073 535
P 5839 3 16067 342
P 6840 3 1400 676
P 5901 4 2120 308
P 7010 2 9394 552
P 5203 1 2987 387
P 7512 1 16502 652
P 7935 2 16162 249
P 6277 3 124 70
P 6028 2 6692 212
P 7775 3 8597 527
P 5150 1 9077 834
P 7188 3 15649 559
P 5390 2 10452 91
P 7461 2 7844 925
P 5158 4 7042 9
P 6446 2 501 927
P 5243 3 12843 991
P 5731 1 6205 885
P 5404 3 2915 630
P 7592 1 5660 423
P 5702 3 15881 987
P 7718 1 6638 39
P 7689 4 6703 986
P 6392 3 17584 337
P 5911 3 15006 911
P 5593 2 12160 636
P 5902 4 16217 172
P 7562 1 14070 966
P 5459 4 19730 874
P 6231 3 14965 503
P 7987 3 11840 847
P 5947 1 16444 351
P 5675 1 852 244
P 6490 1 2150 486
P 6139 1 967 763
P 5190 1 4712 988
P 7122 3 12100 211
P 5318 2 10788 562
P 5050 3 19261 448
P 7371 1 15305 25
P 5388 2 12727 979
P 5099 4 19306 704
P 7961 4 13920 195
P 5279 3 17257 547
P 5349 4 16485 15
P 5427 4 17696 729
P 7395 2 9870 159
P 5051 4 13051 78
P 6318 4 11157 273
P 5969 1 5580 535
P 5315 4 11520 342
P 5025 2 9699 676
P 7514 4 8302 308
P 5764 1 7722 552
P 5826 4 11346 387
P 5017 3 8421 652
P 6838 4 17040 249
P 6946 4 11463 70
P 6646 4 16574 212
P 7998 3 877 527
P 7853 3 14940 834
P 6979 3 18300 559
P 6183 3 7881 91
P 7317 3 14473 925
P 7123 1 16844 9
P 6540 1 5192 927
P 7639 1 11638 991
P 5433 3 225 885
P 5215 1 17645 630
P 7674 1 14184 423
P 5942 2 7351 987
P 7941 2 19736 39
P 6469 2 17917 986
P 6984 1 15133 337
P 7522 3 16729 911
P 6751 1 935 636
P 5909 1 6279 172
P 6663 4 18742 966
P 7076 1 2500 874
P 7150 2 4056 503
P 6023 3 13720 847
P 5972 3 472 351
P 5953 2 14445 244
P 5071 3 14381 486
P 7354 4 3830 763
P 6148 4 15061 988
P 6884 2 19665 211
P 5281 4 15166 562
P 7117 3 12588 448
P 6343 4 9293 25
P 6223 3 18003 979
P 7524 3 1605 704
P 5858 1 13629 195
P 5167 2 4311 547
P 7692 1 4649 15
P 5328 1 19479 729
P 6310 2 19948 159
P 6548 1 13131 78
P 6219 4 3247 273
P 7477 4 17981 535
P 7796 2 2663 342
P 5157 3 18234 676
P 6241 2 9408 308
P 7108 2 3339 552
P 7332 2 11120 387
P 5510 2 1459 652
P 7408 4 19474 249
P 6628 3 12260 70
P 5086 4 13064 212
P 6179 1 18860 527
P 7924 4 16592 834
P 6593 3 6843 559
P 6492 2 4626 91
P 7308 4 1316 925
P 7201 3 19939 9
P 7468 4 6057 927
P 5169 2 12456 991
P 6802 2 19086 885
P 6408 1 12746 630
P 6165 2 5063 423
P 7405 4 15742 987
P 5547 3 6480 39
P 5300 2 16705 986
P 5326 4 15056 337
P 7636 3 5464 911
P 6153 3 13113 636
P 6441 3 19218 172
P 5294 1 1330 966
P 6899 4 10899 874
P 5845 3 11909 503
P 6323 2 6310 847
P 6021 3 1699 351
P 5725 2 12636 244
P 5538 1 5280 486
P 6501 2 14432 763
P 7318 2 19453 988
P 5551 3 16470 211
P 7296 3 1726 562
P 6182 2 1486 448
P 7160 1 17380 25
P 7119 4 5803 979
P 6100 4 885 704
P 7304 2 1143 195
P 7373 1 3680 547
P 5721 2 13342 15
P 7355 3 14428 729
P 7729 2 3007 159
P 5642 4 4079 78
P 7012 3 9743 273
P 6615 1 19465 535
P 5270 2 13149 342
P 7281 2 3003 676
P 7879 4 14035 308
P 5560 4 18337 552
P 6393 2 3269 387
P 7418 3 5823 652
P 7870 2 1614 249
P 6298 4 13842 70
P 5258 1 3823 212
P 6117 1 10721 527
P 5830 2 16036 834
P 6624 2 19652 559
P 6257 2 11902 91
P 6134 2 5033 925
P 7021 2 2177 9
P 5788 3 1039 927
P 7214 2 202 991
P 7046 1 9825 885
P 5347 2 15928 630
P 6837 2 4171 423
P 5021 1 1405 987
P 7757 2 649 39
P 6669 1 17946 986
P 6271 2 5139 337
P 5338 1 10128 911
P 5023 3 9898 636
P 5838 4 9308 172
P 5872 1 16687 966
P 5683 2 15764 874
P 5176 2 5966 503
P 6503 1 5011 847
P 6561 3 3370 351
P 6087 3 2427 244
P 5617 2 17665 486
P 5906 3 17561 763
P 6067 3 10411 988
P 5271 3 3975 211
P 6762 2 7973 562
P 5240 4 1629 448
P 5434 1 17521 25
P 7708 2 10243 704
P 7344 1 16121 195
P 5707 3 16878 547
P 7765 2 18505 15
P 6374 3 243 729
P 7638 1 18264 159
P 6206 2 11069 78
P 6638 1 7909 273
P 6677 4 15739 342
P 6848 1 4002 676
P 6666 2 12426 308
P 6297 4 1564 552
P 6620 3 12144 387
P 6880 1 16449 652
P 6788 3 18027 249
P 7616 3 13850 70
P 6237 2 19431 212
P 6340 3 5429 527
P 7520 2 670 834
P 6054 3 7509 559
P 7469 4 3354 91
P 6591 4 11018 925
P 7894 2 2918 9
P 7206 2 12694 927
P 7409 3 15963 991
P 7445 3 11498 885
P 7751 3 1084 630
P 6216 2 12381 423
P 7186 4 5080 987
P 5865 1 4700 39
P 7716 2 18479 986
P 7372 2 19478 337
P 6406 1 787 911
P 6305 1 2026 636
P 6654 2 13620 172
P 6748 3 8646 966
P 7818 1 5024 874
P 6692 2 3517 503
P 5334 2 13630 847
P 6397 3 6007 351
P 5337 1 4882 244
P 7053 4 11282 486
P 6001 1 5484 763
P 5529 4 16358 988
P 6612 4 17464 211
P 5734 3 19536 562
P 7863 3 4926 448
P 7838 3 15524 25
P 7246 1 12085 704
P 5856 1 8189 195
P 6217 2 14202 547
P 5406 1 5333 15
P 7277 4 15896 729
P 6650 4 19216 159
P 7601 3 6029 78
P 7398 4 4587 273
P 7680 4 1788 342
P 7587 3 18179 676
P 7288 2 7993 308
P 5752 1 3934 552
P 6514 4 18089 387
P 7220 3 10299 652
P 6473 2 15538 249
P 7313 1 17353 70
P 6097 3 12479 212
P 6535 3 16217 527
P 7143 1 806 834
P 5357 2 4864 559
P 6030 4 18259 91
P 7486 3 12857 925
P 7360 1 9596 9
P 6479 3 15789 927
P 6109 3 4162 991
P 7662 1 11999 630
P 7786 2 10595 423
P 5544 4 12181 987
P 6596 3 5752 39
P 6916 4 3796 986
P 6489 4 13746 337
P 7707 3 1965 911
P 5468 4 8342 636
P 7973 2 2274 172
P 5654 1 19891 966
P 6391 2 6016 874
P 7764 1 339 503
P 5522 4 7103 847
P 7491 2 1063 351
P 6493 3 8753 244
P 6563 1 3901 486
P 5899 2 8752 763
P 7244 3 1162 988
P 6714 4 6433 211
P 6254 1 6961 448
P 7041 2 7372 25
P 5603 1 4629 704
P 6070 4 16916 195
P 6994 1 15622 729
P 7749 3 13947 159
P 7877 4 10403 78
P 6007 2 9739 273
P 7432 2 14382 342
P 6657 3 17284 676
P 6616 1 16842 308
P 7950 3 6829 552
P 5821 3 7566 387
P 7747 4 8138 652
P 5629 3 4594 249
P 7172 4 5252 70
P 5145 1 6244 212
P 6013 2 8369 527
P 5272 4 10368 834
P 5087 3 10727 559
P 6592 1 15450 91
P 6841 3 18698 925
P 7025 4 4843 9
P 7465 1 8065 927
P 7760 4 19761 991
P 7340 4 3362 630
P 6924 4 15031 423
P 6553 4 7793 987
P 7328 2 17592 39
P 7974 4 19037 986
P 5855 2 2989 337
P 5369 2 15573 911
P 7934 3 15007 636
P 5174 1 14946 172
P 5941 3 12539 966
P 7353 3 15692 874
P 7282 1 9410 503
P 6971 3 4406 847
P 6781 4 8253 351
P 6283 1 13068 244
P 5503 4 4894 486
P 5925 1 13694 763
P 5644 4 895 988
P 7222 3 14814 211
P 7306 1 11672 448
P 7331 3 7567 25
P 5643 3 17154 704
P 7561 3 14021 195
P 6025 1 11980 729
P 7937 2 645 78
P 7646 4 4638 273
P 5489 1 7918 342
P 7096 2 14468 676
P 5666 1 3780 308
P 5605 3 1784 552
P 7686 4 14994 387
P 7918 4 479 652
P 5730 4 3231 249
P 6212 4 18296 70
P 7896 4 18617 212
P 7133 3 8611 527
P 7058 4 15064 559
P 6339 3 6010 91
P 7534 2 12405 925
P 6394 1 13284 9
P 6045 1 13898 927
P 7595 2 3679 991
P 5772 1 10059 630
P 5393 3 4591 423
P 5096 4 10668 987
P 6401 4 15565 39
P 5193 3 15686 986
P 6191 4 586 337
P 5612 3 13194 911
P 6259 3 12140 636
P 7517 4 8981 172
P 7335 2 8759 966
P 5480 3 12585 874
P 5179 1 193 503
P 7199 2 6357 847
P 6730 1 17286 351
P 7571 1 5535 244
P 6847 4 7257 486
P 5958 3 5099 763
P 6625 1 5707 988
P 5994 4 17679 211
P 5212 3 14945 448
P 6827 1 4441 25
P 7573 1 13603 704
P 7113 3 17730 195
P 7754 1 5526 729
P 6037 3 5610 78
P 6078 3 3861 273
P 7888 1 19318 342
P 7200 3 17096 676
P 6890 4 10614 308
P 6295 4 17228 552
P 7588 1 2268 387
P 6604 1 12774 652
P 5307 3 5634 249
P 6813 4 16972 70
P 5561 2 14125 212
P 6627 3 2049 559
P 5859 4 16171 91
P 6581 3 1947 925
P 5662 1 309 9
P 5812 3 9391 927
P 7963 1 701 991
P 5108 2 16177 423
P 6384 3 8759 987
P 6142 2 11951 39
P 5531 3 15052 986
P 7164 4 8854 337
P 7101 4 3302 911
P 5079 4 9417 636
P 6467 1 18076 172
P 5625 4 11359 966
P 6572 3 1194 874
P 7366 1 15606 503
P 7528 3 12493 847
P 6598 3 15147 351
P 5297 3 18768 244
P 7097 1 3204 486
P 5552 2 6277 763
P 7416 4 5519 988
P 7251 2 6574 211
P 5298 1 17185 448
P 8000 3 1933 25
P 6641 4 12553 704
P 6128 1 557 195
P 7267 4 14578 729
P 7138 3 9345 78
P 5703 2 9993 273
P 5200 4 17351 342
P 5135 2 13550 676
P 7759 3 9649 308
P 6453 1 933 552
P 7262 4 11026 387
P 7956 2 10401 652
P 6246 2 3517 249
P 5082 4 15260 70
P 6652 4 8503 212
P 6629 2 2744 559
P 7321 4 16922 91
P 6051 4 10464 925
P 7284 2 4281 9
P 5383 4 15440 927
P 5441 1 17175 991
P 5623 2 13738 423
P 5655 1 5403 987
P 5823 3 15510 39
P 7037 3 18910 986
P 6052 4 594 337
P 7265 2 3412 911
P 5532 3 7611 636
P 7019 3 13228 172
P 5471 1 2864 966
P 6770 2 18566 874
P 7927 1 17312 503
P 6146 3 8303 847
P 6843 4 4874 351
P 5727 1 9860 244
P 5259 2 4349 486
P 7247 3 10710 763
P 7453 2 9040 211
P 6898 4 1730 448
P 6579 4 9052 25
P 6113 2 9182 704
P 6948 3 13150 195
P 5340 4 5571 729
P 7649 3 6514 78
P 6519 1 11566 273
P 6662 1 8585 342
P 7809 1 17042 308
P 7266 1 6686 552
P 5034 4 224 387
P 5890 2 4377 652
P 6741 3 1700 249
P 5312 3 14305 70
P 7711 3 16792 212
P 7174 4 18975 559
P 7665 4 13397 91
P 5088 4 1798 925
P 6842 1 5470 9
P 7678 3 19759 927
P 5004 2 9404 991
P 7991 2 10705 423
P 7295 2 5332 987
P 5154 1 17384 39
P 6324 1 15823 337
P 7670 2 16183 911
P 5779 2 6088 636
P 7377 4 17864 172
P 6542 2 3851 966
P 7011 3 9256 874
P 5384 1 6579 847
P 6098 4 18050 351
P 7154 1 12957 486
P 5398 2 8702 763
P 5869 2 9327 211
P 5517 4 1243 448
P 7419 3 11785 25
P 7966 1 559 704
P 5770 3 11956 195
P 6863 2 15125 729
P 6268 1 9576 78
P 7479 1 6796 273
P 7326 1 6337 342
P 5673 4 14845 308
P 7677 1 13566 552
P 7125 3 5721 387
P 5060 1 2303 652
P 5809 2 12475 249
P 7436 4 8164 212
P 5382 4 19 559
P 6703 3 5607 91
P 7062 3 11657 925
P 7607 1 18310 9
P 7637 2 15602 927
P 5225 3 17208 991
P 7741 3 8547 423
P 6358 1 16652 987
P 5569 3 16543 39
P 7883 2 8755 337
P 7274 3 12146 911
P 6734 3 5060 636
P 5706 1 13116 172
P 7180 3 9512 966
P 7939 1 12385 874
P 6909 2 18731 847
P 5757 2 14060 351
P 7334 4 13890 486
P 5558 2 19635 763
P 7848 4 1401 25
P 7666 1 4695 704
P 5410 4 8145 195
P 5515 1 9261 729
P 7813 2 2742 78
P 6457 4 2594 342
P 6332 3 14239 308
P 7035 2 14377 552
P 5607 2 18045 387
P 7492 3 472 652
P 5781 4 15905 249
P 7712 2 3882 212
P 5277 1 2469 559
P 7698 2 11793 91
P 7521 1 9544 925
P 7733 1 19506 9
P 7710 1 10371 927
P 5327 4 5520 991
P 6180 4 3524 423
P 7197 3 5562 987
P 5980 3 12261 39
P 6315 3 106 337
P 6050 3 5541 911
P 6893 4 1817 636
P 7151 2 5722 172
P 7942 1 11003 966
P 7216 2 12461 874
P 6727 3 5596 847
P 5889 4 4249 351
P 6772 4 13291 486
P 6829 3 14475 763
P 5567 2 2181 25
P 6733 2 9642 704
P 5473 1 9840 195
P 7627 1 6025 729
P 7600 3 16055 78
P 5443 1 1404 342
P 6483 3 8072 308
P 6463 2 12671 552
P 6181 2 1381 652
P 7647 3 2023 249
P 5534 2 3520 212
P 7426 1 11078 559
P 6982 2 7566 91
P 5995 4 1467 925
P 6869 3 10068 927
P 5970 1 6162 991
P 6202 2 4567 423
P 7802 4 16521 987
P 5619 1 15385 39
P 7061 2 7897 337
P 7248 2 11576 911
P 7921 2 5517 636
P 6008 3 6433 172
P 5689 1 11562 966
P 5921 2 13261 874
P 6420 2 7948 847
P 6242 2 9660 351
P 6316 4 7898 486
P 7385 2 17326 763
P 5280 4 17009 25
P 7276 1 7926 704
P 7901 1 5142 195
P 5089 3 416 729
P 6606 1 2337 78
P 5136 2 7618 342
P 7433 2 4496 308
P 5064 4 10211 552
P 6768 3 9265 652
P 7579 1 11170 249
P 7210 1 17036 212
P 7753 4 954 91
P 7691 1 14372 925
P 7560 4 2845 991
P 7145 1 16344 423
P 6917 1 13280 987
P 6337 3 17785 39
P 5956 3 12795 337
P 6512 1 10827 911
P 6831 2 8975 636
P 7526 3 9212 172
P 5013 2 15015 966
P 7215 1 10329 874
P 7007 2 1030 351
P 6033 1 8149 486
P 7735 3 14733 763
P 7808 4 9256 704
P 6570 1 336 195
P 7889 4 7000 729
P 7505 4 12299 78
P 5678 1 4026 342
P 6149 1 5962 308
P 5674 4 8596 552
P 6160 2 5695 652
P 7067 3 3151 249
P 5799 1 2007 212
P 7345 3 5138 91
P 5283 3 18137 925
P 5943 3 2320 991
P 6836 3 15878 423
P 7696 2 15550 987
P 7018 2 3396 39
P 6465 1 16921 337
P 6551 4 6017 911
P 5022 2 18735 636
P 7611 3 4341 172
P 6502 1 6520 874
P 5354 2 18061 351
P 7440 3 2672 486
P 7855 1 7926 195
P 7801 3 5766 729
P 5840 3 6657 78
P 6517 3 3896 342
P 5768 4 19985 308
P 7490 1 15348 552
P 6334 3 15125 652
P 6395 4 10108 249
P 5949 3 3263 212
P 7565 3 12485 91
P 6921 2 11154 925
P 5485 1 7862 991
P 7758 1 18082 423
P 6939 4 1879 987
P 6230 3 10408 39
P 6214 3 5914 337
P 7093 1 8613 911
P 7298 2 18685 636
P 6373 3 6192 172
P 6440 2 19139 874
P 5048 1 17693 351
P 7968 3 2824 486
P 7523 2 14648 195
P 6099 3 17994 729
P 6934 4 10008 78
P 5114 4 17793 342
P 5295 3 5662 308
P 7085 4 5450 552
P 5944 1 19370 652
P 7459 2 7253 249
P 7923 3 10788 91
P 6102 1 4613 925
P 5968 1 14198 991
P 7784 4 2626 423
P 7090 4 16388 987
P 6224 1 9274 39
P 7349 2 15159 337
P 5954 2 18393 911
P 6716 2 17319 636
P 5055 1 1606 172
P 7955 3 6533 874
P 5389 3 5915 351
P 5070 4 5579 486
P 7260 2 4935 195
P 7407 4 1105 729
P 7213 3 3738 78
P 5409 3 10468 342
P 5951 4 6154 308
P 6940 1 19256 552
P 6815 3 12351 652
P 6251 1 13159 249
P 6588 1 4848 91
P 6423 3 17814 925
P 6266 2 18782 423
P 6609 1 3758 987
P 5386 2 5720 39
P 7303 2 5165 911
P 5293 3 8784 636
P 7374 2 7776 172
P 5341 3 2389 351
P 7402 2 1126 486
P 6022 2 5584 195
P 6786 1 7706 729
P 7842 1 13058 78
P 6923 1 12455 342
P 6680 3 4908 308
P 6278 2 17858 552
P 7421 3 3717 652
P 7286 3 2899 249
P 5512 4 10715 925
P 5713 3 10160 423
P 6077 4 15145 987
P 6354 1 3662 39
P 7359 4 2073 911
P 6790 2 7833 636
P 7144 1 3173 172
P 6229 3 18591 351
P 5440 1 18905 486
P 6915 1 11977 195
P 6333 1 19610 729
P 5843 4 5343 78
P 5663 4 14370 342
P 6544 3 13726 308
P 7439 4 10984 552
P 7386 4 16253 652
P 6006 3 2700 249
P 6176 3 1221 925
P 5134 2 14041 423
P 6851 2 10447 987
P 5904 1 8361 39
P 7849 3 6934 911
P 6953 2 3169 636
P 5421 3 15244 172
P 7732 1 17157 351
P 5084 2 5184 486
P 6712 3 9753 195
P 7859 2 12130 729
P 5808 4 5799 78
P 5739 2 17653 308
P 6238 4 9714 652
P 5037 4 3220 249
P 7734 4 10894 925
P 5771 1 4317 423
P 7270 2 18338 987
P 7147 2 13310 39
P 5255 2 9315 911
P 6852 3 16290 636
P 5711 1 14515 172
P 7039 3 6075 351
P 7553 1 3037 486
P 5597 4 11155 195
P 5065 4 5751 729
P 7730 4 10433 78
P 5565 4 15147 308
P 7976 1 16717 652
P 7092 1 11671 249
P 5749 3 3944 925
P 6693 1 4864 423
P 6655 1 2672 39
P 5269 3 11701 911
P 7806 2 3908 636
P 5599 1 15205 172
P 6094 1 14744 351
P 7399 4 11983 486
P 5435 4 11003 195
P 6017 3 16985 729
P 6500 1 12300 78
P 7679 2 2504 308
P 7476 4 12544 652
P 6736 2 17802 249
P 5898 1 42 925
P 7929 4 18587 423
P 7448 4 7151 39
P 5252 3 12316 911
P 6370 1 15211 636
P 6933 1 16725 172
P 5700 1 8029 351
P 6321 1 707 486
P 7077 3 9395 195
P 7947 1 5776 729
P 5493 4 8752 308
P 7100 1 17368 652
P 6055 4 9858 925
P 5430 4 6109 423
P 5187 2 16750 39
P 6189 4 13497 911
P 7843 1 2220 172
P 6018 2 6794 351
P 5299 4 13835 486
P 6545 1 19999 195
P 6986 2 15953 308
P 5996 4 15922 652
P 5797 1 6434 925
P 6524 2 14919 39
P 7475 3 16496 172
P 5366 2 16838 351
P 7462 4 11051 195
P 5211 3 4497 652
P 5330 1 17013 39
P 7671 2 2629 351
P 6150 4 8834 652
A 5158 9
A 6052 337
A 7853 834
A 6214 337
A 6217 547
A 7955 874
A 6671 78
A 6978 448
A 5675 244
A 7117 448
A 7395 159
A 7573 704
A 5605 552
A 6277 70
A 5489 342
R 10167
R 10642
R 12732
R 10049
R 11841
R 12812
R 11115
R 12705
R 11004
R 12721
R 12084
R 12406
R 11784
R 10217
R 11442
R 11994
R 10377
R 10289
R 12374
R 11355
R 10564
R 10666
R 11093
R 12820
R 11143
R 12735
R 12978
R 10149
R 12246
R 12008
R 11611
R 11230
R 10146
R 10476
R 11185
R 12674
R 10229
R 11406
R 12174
R 10599
R 12683
R 12329
R 12261
R 10766
R 10088
R 12090
R 10080
R 10091
R 10806
R 10896
R 11356
R 12724
R 12339
R 10893
R 12094
R 10775
R 12773
R 10772
R 11275
R 11059
R 11851
R 12138
R 10947
R 10422
R 11659
R 10784
R 12303
R 12251
R 10557
R 12287
R 10822
R 10547
R 10954
R 12025
R 11373
R 11815
R 10356
R 12323
R 12779
R 12656
R 12930
R 12753
R 10259
R 11845
R 10211
R 10626
R 10479
R 12062
R 10838
R 12171
R 12913
R 12243
R 12679
R 11084
R 12743
R 12460
R 12370
R 12068
R 12463
R 10419
I 10167 7277
I 10642 7849
I 12732 5493
I 10049 7150
I 11841 7125
I 12812 6838
I 11115 6337
I 12705 6788
I 11004 5655
I 12721 7010
I 12084 6624
I 12406 7174
I 11784 7759
I 10217 6641
I 11442 5944
I 11994 5899
I 10377 7100
I 10289 5838
I 12374 7374
I 11355 6542
I 10564 6242
I 10666 7775
I 11093 7377
I 12820 5341
I 11143 6637
I 12735 7708
I 12978 6838
I 10149 7113
I 12246 6598
I 12008 7244
I 11611 6694
I 11230 7611
I 10146 6813
I 10476 7216
I 11185 5642
I 12674 5739
I 10229 7133
I 11406 5812
I 12174 7674
I 10599 5752
I 12683 7937
I 12329 5258
I 12261 7317
I 10766 7200
I 10088 7144
I 12090 7677
I 10080 7017
I 10091 7870
I 10806 7220
I 10896 7276
I 11356 7017
I 12724 6087
I 12339 5654
I 10893 6440
I 12094 7974
I 10775 5865
I 12773 7923
I 10772 5258
I 11275 5770
I 11059 5528
I 11851 6030
I 12138 7416
I 10947 7806
I 10422 7505
I 11659 6598
I 10784 7601
I 12303 7735
I 12251 6772
I 10557 7266
I 12287 6680
I 10822 7696
I 10547 6423
I 10954 6393
I 12025 7611
I 11373 5799
I 11815 7557
I 10356 6934
I 12323 5663
I 12779 7961
I 12656 6022
I 12930 7117
I 12753 6052
I 10259 7440
I 11845 5435
I 10211 6677
I 10626 6321
I 10479 7408
I 12062 5932
I 10838 6971
I 12171 6612
I 12913 7374
I 12243 8000
I 12679 7646
I 11084 7923
I 12743 7666
I 12460 7440
I 12370 6391
I 12068 6591
I 12463 5529
I 10419 6843
I 10167 6994
I 10642 5269
I 12732 6241
I 10049 5845
I 11841 6393
I 12812 7579
I 11115 7448
I 12705 7092
I 11004 5096
I 12721 7085
I 12084 6979
I 12406 6979
I 11784 5493
I 10217 5603
I 11442 7512
I 11994 5558
I 10377 7976
I 10289 7611
I 12374 7611
I 11355 6748
I 10564 6598
I 10666 5012
I 11093 6144
I 12820 5048
I 11143 5084
I 12735 7246
I 12978 7067
I 10149 5597
I 12246 6730
I 12008 5190
I 11611 7611
I 11230 7843
I 10146 6628
I 10476 5480
I 11185 6206
I 12674 7679
I 10229 6535
I 11406 6479
I 12174 6836
I 10599 5764
I 12683 7842
I 12329 6646
I 12261 6591
I 10766 5157
I 10088 7843
I 12090 7010
I 10080 5725
I 10091 6006
I 10806 5017
I 10896 7666
I 11356 5725
I 12724 7017
I 12339 5941
I 10893 6899
I 12094 5531
I 10775 5569
I 12773 6492
I 10772 6646
I 11275 5045
I 11059 5187
I 11851 6492
I 12138 5670
I 10947 6893
I 10422 7877
I 11659 6843
I 10784 7877
I 12303 5932
I 12251 6316
I 10557 7085
I 12287 5951
I 10822 5655
I 10547 5898
I 10954 5203
I 12025 5055
I 11373 7896
I 11815 5223
I 10356 6037
I 12323 7326
I 12779 7855
I 12656 7855
I 12930 7306
I 12753 6392
I 10259 6637
I 11845 7304
I 10211 7993
I 10626 7553
I 10479 7870
I 12062 7354
I 10838 5522
I 12171 5869
I 12913 6933
I 12243 6579
I 12679 6219
I 11084 7753
I 12743 6113
I 12460 6772
I 12370 5480
I 12068 6055
I 12463 7416
I 10419 6561
I 10167 6099
I 10642 5255
I 12732 6986
I 10049 5179
I 11841 7332
I 12812 5037
I 11115 7328
I 12705 7870
I 11004 7295
I 12721 7950
I 12084 6054
I 12406 6054
I 11784 6241
I 10217 5239
I 11442 6815
I 11994 5932
I 10377 7747
I 10289 6654
I 12374 6144
I 11355 7562
I 10564 5048
I 10666 7133
I 11093 6467
I 12820 6397
I 11143 5538
I 12735 7808
I 12978 7647
I 10149 7901
I 12246 6229
I 12008 7416
I 11611 5599
I 11230 6933
I 10146 7172
I 10476 7811
I 11185 6268
I 12674 6241
I 10229 7775
I 11406 6446
I 12174 5623
I 10599 7010
I 12683 6548
I 12329 5949
I 12261 7691
I 10766 6657
I 10088 6144
I 12090 6295
I 10080 5297
I 10091 6246
I 10806 5944
I 10896 5643
I 11356 6087
I 12724 5953
I 12339 6748
I 10893 7215
I 12094 6469
I 10775 7448
I 12773 6133
I 10772 6610
I 11275 6128
I 11059 5330
I 11851 7665
I 12138 7244
I 10947 6716
I 10422 7649
I 11659 6397
I 10784 7842
I 12303 7247
I 12251 6033
I 10557 7677
I 12287 5493
I 10822 7090
I 10547 6176
I 10954 5607
I 12025 6144
I 11373 7210
I 11815 7119
I 10356 6671
I 12323 7993
I 12779 5410
I 12656 7434
I 12930 5517
I 12753 6271
I 10259 6316
I 11845 5597
I 10211 6923
I 10626 6772
I 10479 7286
I 12062 7247
I 10838 7767
I 12171 5994
I 12913 6373
I 12243 7838
I 12679 7479
I 11084 6492
I 12743 5603
I 12460 7402
I 12370 7811
I 12068 7734
I 12463 6067
I 10419 5354
I 10167 6374
I 10642 5097
I 12732 7759
I 10049 7240
I 11841 5607
I 12812 5307
I 11115 7018
I 12705 7067
I 11004 5544
I 12721 7266
I 12084 7426
I 12406 7426
I 11784 5739
I 10217 7666
I 11442 6238
I 11994 7247
I 10377 5017
I 10289 7377
I 12374 5055
I 11355 5294
I 10564 6098
I 10666 6179
I 11093 6373
I 12820 6021
I 11143 5440
I 12735 5603
I 12978 7408
I 10149 7077
I 12246 5341
I 12008 6067
I 11611 7843
I 11230 5838
I 10146 6277
I 11185 7138
I 12674 6483
I 11406 7468
I 12174 6924
I 10599 6295
I 12683 7601
I 12329 5086
I 12261 7461
I 10766 5135
I 10088 5055
I 12090 7085
I 10080 5953
I 10091 7092
I 10806 6181
I 10896 6113
I 11356 7571
I 12724 5337
I 12339 7335
I 10893 7939
I 12094 7689
I 10775 5528
I 12773 5859
I 10772 6097
I 11275 7260
I 11059 7328
I 11851 7469
I 12138 5190
I 10947 5079
I 10422 7138
I 11659 6021
I 10784 7937
I 12303 5398
I 12251 5259
I 10557 5560
I 12287 5739
I 10822 5096
I 10547 5088
I 10954 7332
I 12025 6933
I 11373 5086
I 10356 7813
I 12323 7432
I 12779 7561
I 12656 7077
I 12930 7863
I 12753 6214
I 10259 7402
I 11845 7077
I 10211 7796
I 10626 5538
I 10479 6251
I 12062 7385
I 10838 5334
I 12171 5551
I 12913 7611
I 12243 5567
I 11084 6133
I 12743 6641
I 12460 6033
I 12370 7076
I 12068 7521
I 12463 5670
I 10419 7640
I 10167 6333
I 10642 7522
I 12732 7514
I 10049 7764
I 11841 7262
I 12812 5993
I 11115 5528
I 12705 6246
I 11004 6553
I 12721 5752
I 12084 5357
I 12406 7188
I 11784 5768
I 10217 7808
I 11442 7492
I 11994 6501
I 10377 5976
I 10289 5599
I 12374 7377
I 11355 5692
I 10564 6094
I 10666 6117
I 11093 5838
I 12820 6598
I 11143 5070
I 12735 5759
I 12978 6246
I 10149 6022
I 12246 6843
I 11611 6654
I 10146 6212
I 11185 7505
I 12674 5768
I 11406 7637
I 12174 5108
I 10599 7085
I 12683 5051
I 12329 7711
I 12261 5088
I 10766 6848
I 10088 6467
I 12090 5674
I 10080 6493
I 10091 6251
I 10896 7808
I 12724 6283
I 12339 5471
I 10893 7818
I 12094 5325
I 10775 7018
I 12773 7565
I 10772 5949
I 11275 5435
I 11059 6354
I 11851 5859
I 12138 6067
I 10947 5532
I 10422 6934
I 11659 6242
I 10784 7649
I 12303 6501
I 12251 5071
I 10557 5674
I 12287 7679
I 10822 6609
I 10547 6102
I 10954 7588
I 12025 7843
I 11373 6097
I 10356 7601
I 12323 6517
I 12779 5597
I 12656 5435
I 12930 5298
I 12753 6489
I 10259 5538
I 11845 7855
I 10626 5071
I 10479 6246
I 12062 6501
I 10838 7835
I 12171 6714
I 12913 6441
I 12243 7331
I 12743 5239
I 12460 6637
I 12370 7011
I 12068 5995
I 12463 5190
I 10419 5048
I 10167 5515
I 10642 7303
I 12732 7679
I 10049 6231
I 12812 7408
I 11115 6354
I 12705 7647
I 11004 7197
I 12721 6278
I 12084 7174
I 11784 6680
I 10217 7524
I 11442 7421
I 11994 7735
I 10377 7220
I 10289 5706
I 12374 5838
I 11355 5872
I 10564 5366
I 10666 6535
I 11093 6654
I 12820 5700
I 11143 7402
I 12735 6733
I 12978 6251
I 10149 5410
I 12246 6242
I 11611 6467
I 10146 5312
I 11185 5051
I 12674 6986
I 11406 6045
I 12174 5713
I 10599 7677
I 12683 6037
I 12329 6610
I 12261 6581
I 10088 7374
I 12090 5560
I 10080 5675
I 10091 5809
I 10896 7524
I 12724 5725
I 12339 5692
I 10893 7011
I 12094 7716
I 10775 6142
I 12773 7753
I 10772 5086
I 11275 7855
I 11059 7448
I 11851 6133
I 10947 6852
I 10422 6268
I 11659 6781
I 10784 7505
I 12303 5558
I 12251 7402
I 10557 7950
I 12287 6666
I 10822 6553
I 10547 7461
I 10954 7262
I 12025 7374
I 11373 5561
I 10356 6548
I 12323 5443
I 12779 6712
I 12656 7523
I 12930 6254
I 12753 6324
I 10259 5071
I 11845 6022
I 10626 6316
I 10479 7092
I 12062 6829
I 10838 6909
I 12171 7251
I 12913 5055
I 12243 7041
I 12743 7276
I 12370 5459
I 12068 7308
I 12463 7244
I 10419 6094
I 10167 7947
I 10642 5252
I 12732 5951
I 12812 6251
I 11115 5823
I 12705 5037
I 11004 6609
I 12721 5560
I 12084 7188
I 11784 6890
I 10217 5643
I 11442 7220
I 10377 7918
I 10289 6694
I 12374 7144
I 11355 6193
I 10564 6229
I 11093 6933
I 12820 6730
I 11143 5071
I 12735 5239
I 12978 6788
I 10149 7260
I 12246 6094
I 11611 6441
I 10146 7616
I 11185 7877
I 12674 5951
I 11406 6540
I 12174 6180
I 10599 5560
I 12683 6268
I 12329 5534
I 12261 5797
I 10088 6694
I 12090 7266
I 10080 7571
I 10091 6788
I 10896 6641
I 12724 7571
I 12339 7942
I 10893 6572
I 12094 6916
I 10775 5823
I 10772 7711
I 11275 6712
I 11059 5154
I 11851 6257
I 10947 7921
I 10422 6606
I 11659 5048
I 10784 5051
I 12303 5906
I 12251 5538
I 10557 6297
I 12287 7582
I 10822 6939
I 10547 6051
I 10954 6514
I 12025 7144
I 11373 6028
I 10356 5642
I 12323 6457
I 12779 6022
I 12656 7901
I 12930 6935
I 12753 6315
I 10259 6033
I 11845 6128
I 10626 5617
I 10479 6741
I 12062 5558
I 10838 6503
I 12171 7122
I 12913 7144
I 12243 7160
I 12743 7524
I 12370 7216
I 12068 6102
I 10419 6229
I 10167 6025
I 10642 7265
I 12732 6149
I 12812 5730
I 11115 7757
I 12705 6251
I 11004 7090
I 12721 7490
I 11784 6616
I 10217 6100
I 11442 5976
I 10377 5060
I 10289 7144
I 12374 6694
I 11355 5471
I 10564 7640
I 11093 5055
I 12820 5947
I 11143 6316
I 12735 7966
I 12978 7092
I 10149 7523
I 12246 6098
I 11611 7526
I 10146 7313
I 11185 7937
I 12674 5666
I 11406 7206
I 12174 6216
I 10599 6940
I 12683 7505
I 12329 6097
I 12261 6423
I 10088 6933
I 12090 6940
I 10080 6283
I 10091 7067
I 10896 5239
I 12339 7562
I 10893 7076
I 10775 7757
I 10772 5534
I 11275 7961
I 11059 5823
I 11851 7565
I 10947 5468
I 10422 7937
I 11659 7640
I 10784 6037
I 12303 5899
I 12251 5617
I 10557 6940
I 12287 5768
I 10822 7822
I 10547 5995
I 10954 5826
I 12025 6694
I 11373 5258
I 10356 7937
I 12323 5200
I 12779 7077
I 12656 6128
I 12753 6556
I 10259 5503
I 11845 5770
I 10626 5440
I 10479 6006
I 12062 5906
I 12171 5271
I 12913 5599
I 12243 5280
I 12743 5759
I 12370 7353
I 12068 5088
I 10419 5341
I 10167 7889
I 10642 7248
I 12732 5739
I 12812 7870
I 11115 5187
I 12705 6838
I 11004 5942
I 12721 6940
I 11784 7582
I 10217 7276
I 11442 7976
I 10377 6334
I 10289 5055
I 12374 7843
I 11355 5625
I 10564 5341
I 11093 7144
I 12820 5889
I 11143 7440
I 12735 7666
I 12978 5781
I 10149 6712
I 12246 5048
I 11611 5706
I 10146 6946
I 11185 7649
I 12674 6680
I 11406 7678
I 10599 5605
I 12683 7649
I 12329 5799
I 12261 5512
I 10088 6654
I 12090 6297
I 10080 5727
I 10091 6838
I 10896 5603
I 12339 5294
I 10893 7353
I 10775 6354
I 10772 5799
I 11275 7113
I 11059 6337
I 11851 5390
I 10947 5593
I 10422 5051
I 11659 5366
I 10784 7182
I 12303 7385
I 12251 7440
I 12287 6241
I 10822 7197
I 10547 7521
I 10954 7125
I 12025 5838
I 11373 7436
I 10356 6268
I 12323 6662
I 12779 7523
I 12656 7260
I 12753 7372
I 10259 5259
I 11845 7113
I 10626 6637
I 10479 6788
I 12062 7735
I 12171 7222
I 12913 5706
I 12243 6311
I 12743 5643
I 12068 7461
I 10419 6730
I 10167 7407
I 10642 7101
I 12732 6680
I 12812 6006
I 11115 5865
I 12705 6006
I 11004 7270
I 12721 7677
I 11784 5951
I 10217 6113
I 11442 6150
I 10377 6238
I 10289 6467
I 12374 6933
I 11355 7942
I 10564 5354
I 11093 6694
I 12820 6094
I 11143 6033
I 12735 7573
I 12978 6006
I 10149 5770
I 12246 5354
I 11611 5838
I 10146 6298
I 11185 7182
I 12674 7582
I 11406 6869
I 10599 7266
I 12683 6206
I 12261 6841
I 10088 5838
I 12090 5764
I 10080 5337
I 10091 7647
I 10896 7246
I 10893 6770
I 10775 6224
I 11275 7523
I 11059 5865
I 11851 6592
I 10947 7298
I 10422 7601
I 11659 6094
I 10784 6671
I 12251 6321
I 12287 6890
I 10822 5544
I 10547 5512
I 10954 5821
I 11373 6610
I 10356 7877
I 12323 7680
I 12779 5770
I 12656 5770
I 12753 6984
I 10259 5617
I 11845 7523
I 10626 7402
I 10479 6838
I 12062 5398
I 12171 6132
I 12913 7843
I 12243 6343
I 12743 6100
I 12068 5898
I 10419 6098
I 10167 7267
I 10642 7670
I 12732 7582
I 12812 5781
I 11115 5154
I 11004 7186
I 12721 5764
I 11784 6986
I 10217 5759
I 11442 7100
I 10377 7421
I 10289 7374
I 11355 5654
I 10564 6843
I 11093 7374
I 12820 6561
I 11143 6321
I 12735 5643
I 12978 5037
I 10149 6128
I 12246 7640
I 11611 7377
I 11185 7601
I 12674 5493
I 10599 6297
I 12683 5642
I 12261 7734
I 10088 6373
I 12090 5752
I 10080 6087
I 10091 5037
I 10896 6100
I 10893 5459
I 10775 7328
I 11275 5410
I 11059 7757
I 11851 7753
I 10947 6891
I 10422 6671
I 11659 5972
I 10784 6206
I 12251 6637
I 12287 7759
I 10822 7270
I 10547 6841
I 10954 7686
I 11373 6237
I 10356 7505
I 12323 5839
I 12779 5045
I 12656 6712
I 12753 6191
I 10259 6772
I 11845 7961
I 10626 5070
I 10479 7647
I 12062 5899
I 12913 6654
I 12243 7419
I 12068 7691
I 10419 6242
I 10167 5047
I 10642 6551
I 12732 6616
I 12812 5809
I 11115 5330
I 11004 6939
I 12721 5194
I 11442 7918
I 10377 6160
I 10289 6933
I 11355 7180
I 11093 7843
I 12820 6242
I 11143 7399
I 12735 6100
I 12978 5809
I 10149 7304
I 12246 5366
I 11611 6144
I 11185 6548
I 12674 5901
I 10599 7490
I 12683 7138
I 12261 5995
I 10088 7377
I 12090 7950
I 10091 5781
I 10896 5759
I 10893 7811
I 10775 5330
I 11275 6022
I 11851 7923
I 10947 6734
I 10422 7842
I 11659 6229
I 10784 6548
I 12251 5503
I 12287 6149
I 10822 6384
I 10547 7734
I 11373 6646
I 10356 5051
I 12323 6677
I 12779 7113
I 12656 5045
I 12753 7061
I 10626 6521
I 10479 5809
I 12062 5052
I 12913 6144
I 12243 6827
I 10419 5366
I 10642 6050
I 12732 5666
I 12812 6741
I 11004 7696
I 12721 5674
I 11442 5017
I 10377 7386
I 10289 6441
I 11355 7335
I 11093 7611
I 12820 6781
I 11143 6847
I 12735 6641
I 12978 7870
I 10149 5858
I 12246 5700
I 11611 6373
I 11185 6037
I 12674 6666
I 10599 5194
I 12683 6934
I 12261 7521
I 10088 7611
I 10893 6391
I 10775 5386
I 11275 7561
I 10947 6790
I 10422 6548
I 11659 5341
I 10784 7138
I 12287 6616
I 10822 7186
I 10547 5283
I 11373 7711
I 10356 7182
I 12323 5315
I 12779 7304
I 12656 7304
I 10626 5503
I 10479 5307
I 12913 7526
I 12243 6280
I 10419 5700
I 12732 5901
I 12812 7286
I 12721 6297
I 11442 6181
I 10377 6181
I 10289 6373
I 11355 5941
I 12820 5366
I 11143 7553
I 12735 7524
I 10149 5435
I 11611 7374
I 11185 7842
I 12674 5295
I 10599 5674
I 12683 7182
I 12261 6055
I 10893 5683
I 10775 5619
I 11275 7304
I 10947 6751
I 10422 6037
I 11659 5700
I 10784 6268
I 12287 6986
I 10822 5942
I 10547 6591
I 11373 5949
I 10356 7138
I 12323 6923
I 12779 6128
I 12656 5597
I 10626 7440
I 10479 5781
I 12913 5838
I 12243 7371
I 10419 6598
I 12732 7433
I 12812 6788
I 12721 5605
I 11442 7386
I 10377 6815
I 10289 7843
I 12820 5972
I 11143 6772
I 12735 6113
I 10149 7961
I 11611 7144
I 11185 6934
I 12674 6890
I 10599 7950
I 12683 7877
I 12261 7308
I 10893 6357
I 10775 5904
I 11275 7077
I 10947 5293
I 10422 7813
I 11659 5354
I 10784 6934
I 12287 5295
I 10822 6851
I 10547 7317
I 11373 5145
I 10356 7842
I 12323 7796
I 12779 5435
I 12656 7961
I 10626 6033
I 10479 5037
I 12913 6467
I 12732 6890
I 12812 7647
I 12721 6295
I 10377 6150
I 10289 5902
I 12820 5354
I 11143 5259
I 12735 7276
I 10149 7561
I 11611 6933
I 12674 7759
I 12261 6051
I 10893 7216
I 10775 6337
I 11275 5597
I 10947 6259
I 10422 7182
I 11659 6730
I 10784 5642
I 10822 7295
I 10547 5797
I 11373 5534
I 10356 6206
I 12323 5409
I 12656 7113
I 10626 6847
I 10479 7067
I 12913 7377
I 12732 6666
I 12812 6246
I 10377 7512
I 10289 6144
I 12820 7640
I 11143 5617
I 10149 5045
I 11611 5055
I 12674 7433
I 12261 5283
I 10893 6502
I 10775 5154
I 11275 5858
I 10947 5023
I 10422 6206
I 11659 6098
I 10547 7691
I 10356 7649
I 12323 7888
I 12656 5410
I 10626 5259
I 12913 5902
I 12732 5768
I 12812 6395
I 10377 7492
I 10289 7526
I 12820 6229
I 11143 6521
I 10149 7855
I 12674 7514
I 12261 6102
I 10893 7955
I 10775 6524
I 10947 7087
I 10422 5642
I 11659 6561
I 10547 7308
I 12323 5270
I 12656 7561
I 10626 5084
I 12913 6694
I 12732 5295
I 12812 7092
I 10377 5944
I 12820 6098
I 11143 5503
I 12674 6616
I 12261 6176
I 10893 5480
I 10775 5187
I 10547 6581
I 12656 5858
I 10626 7399
I 12732 6483
I 12812 7067
I 12820 6843
I 12674 6149
I 12261 5898
I 10775 5547
I 10547 6055
G 11994 12705 12812
G 12329 12090 12721
G 10289 10838 12374
G 12174 12008 12138
G 10547 10838 12261
G 12463 11442 10377
G 10806 10766 11442
G 11355 12025 10289
G 12171 11230 10289
G 10080 11356 12724
B 763 7735 5932 7354
B 704 5643 6733 7808
B 39 7070 7757 6524
B 244 5101 5727 7571
B 172 5055 6373 5838
B 15 6497 5721 5406
B 966 6542 6663 7562
B 559 6624 7188 6054
B 212 6610 5086 5561
B 729 5515 6863 6025
X
Y
Z 12656
